0.0000 0.0000 -0.4363
0.0175 0.0000 -0.4363
0.0349 0.0000 -0.4363
0.0524 0.0000 -0.4363
0.0698 0.0000 -0.4363
0.0873 0.0000 -0.4363
0.1047 0.0000 -0.4363
0.1222 0.0000 -0.4363
0.1396 0.0000 -0.4363
0.1571 0.0000 -0.4363
0.1745 0.0000 -0.4363
0.1920 0.0000 -0.4363
0.2094 0.0000 -0.4363
0.2269 0.0000 -0.4363
0.2443 0.0000 -0.4363
0.2618 0.0000 -0.4363
0.2793 0.0000 -0.4363
0.2967 0.0000 -0.4363
0.3142 0.0000 -0.4363
0.3316 0.0000 -0.4363
0.3491 0.0000 -0.4363
0.3665 0.0000 -0.4363
0.3840 0.0000 -0.4363
0.4014 0.0000 -0.4363
0.4189 0.0000 -0.4363
0.4363 0.0000 -0.4363
0.4538 0.0000 -0.4363
0.4712 0.0000 -0.4363
0.4887 0.0000 -0.4363
0.5061 0.0000 -0.4363
0.5236 0.0000 -0.4363
0.5411 0.0000 -0.4363
0.5585 0.0000 -0.4363
0.5760 0.0000 -0.4363
0.5934 0.0000 -0.4363
0.6109 0.0000 -0.4363
0.6283 0.0000 -0.4363
0.6458 0.0000 -0.4363
0.6632 0.0000 -0.4363
0.6807 0.0000 -0.4363
0.6981 0.0000 -0.4363
0.7156 0.0000 -0.4363
0.7330 0.0000 -0.4363
0.7505 0.0000 -0.4363
0.7679 0.0000 -0.4363
0.7854 0.0000 -0.4363
0.8029 0.0000 -0.4363
0.8203 0.0000 -0.4363
0.8378 0.0000 -0.4363
0.8552 0.0000 -0.4363
0.8727 0.0000 -0.4363
0.8901 0.0000 -0.4363
0.9076 0.0000 -0.4363
0.9250 0.0000 -0.4363
0.9425 0.0000 -0.4363
0.9599 0.0000 -0.4363
0.9774 0.0000 -0.4363
0.9948 0.0000 -0.4363
1.0123 0.0000 -0.4363
1.0297 0.0000 -0.4363
1.0472 0.0000 -0.4363
1.0647 0.0000 -0.4363
1.0821 0.0000 -0.4363
1.0996 0.0000 -0.4363
1.1170 0.0000 -0.4363
1.1345 0.0000 -0.4363
1.1519 0.0000 -0.4363
1.1694 0.0000 -0.4363
1.1868 0.0000 -0.4363
1.2043 0.0000 -0.4363
1.2217 0.0000 -0.4363
0.0000 0.0000 -0.4189
0.0175 0.0000 -0.4189
0.0349 0.0000 -0.4189
0.0524 0.0000 -0.4189
0.0698 0.0000 -0.4189
0.0873 0.0000 -0.4189
0.1047 0.0000 -0.4189
0.1222 0.0000 -0.4189
0.1396 0.0000 -0.4189
0.1571 0.0000 -0.4189
0.1745 0.0000 -0.4189
0.1920 0.0000 -0.4189
0.2094 0.0000 -0.4189
0.2269 0.0000 -0.4189
0.2443 0.0000 -0.4189
0.2618 0.0000 -0.4189
0.2793 0.0000 -0.4189
0.2967 0.0000 -0.4189
0.3142 0.0000 -0.4189
0.3316 0.0000 -0.4189
0.3491 0.0000 -0.4189
0.3665 0.0000 -0.4189
0.3840 0.0000 -0.4189
0.4014 0.0000 -0.4189
0.4189 0.0000 -0.4189
0.4363 0.0000 -0.4189
0.4538 0.0000 -0.4189
0.4712 0.0000 -0.4189
0.4887 0.0000 -0.4189
0.5061 0.0000 -0.4189
0.5236 0.0000 -0.4189
0.5411 0.0000 -0.4189
0.5585 0.0000 -0.4189
0.5760 0.0000 -0.4189
0.5934 0.0000 -0.4189
0.6109 0.0000 -0.4189
0.6283 0.0000 -0.4189
0.6458 0.0000 -0.4189
0.6632 0.0000 -0.4189
0.6807 0.0000 -0.4189
0.6981 0.0000 -0.4189
0.7156 0.0000 -0.4189
0.7330 0.0000 -0.4189
0.7505 0.0000 -0.4189
0.7679 0.0000 -0.4189
0.7854 0.0000 -0.4189
0.8029 0.0000 -0.4189
0.8203 0.0000 -0.4189
0.8378 0.0000 -0.4189
0.8552 0.0000 -0.4189
0.8727 0.0000 -0.4189
0.8901 0.0000 -0.4189
0.9076 0.0000 -0.4189
0.9250 0.0000 -0.4189
0.9425 0.0000 -0.4189
0.9599 0.0000 -0.4189
0.9774 0.0000 -0.4189
0.9948 0.0000 -0.4189
1.0123 0.0000 -0.4189
1.0297 0.0000 -0.4189
1.0472 0.0000 -0.4189
1.0647 0.0000 -0.4189
1.0821 0.0000 -0.4189
1.0996 0.0000 -0.4189
1.1170 0.0000 -0.4189
1.1345 0.0000 -0.4189
1.1519 0.0000 -0.4189
1.1694 0.0000 -0.4189
1.1868 0.0000 -0.4189
1.2043 0.0000 -0.4189
1.2217 0.0000 -0.4189
0.0000 0.0000 -0.4014
0.0175 0.0000 -0.4014
0.0349 0.0000 -0.4014
0.0524 0.0000 -0.4014
0.0698 0.0000 -0.4014
0.0873 0.0000 -0.4014
0.1047 0.0000 -0.4014
0.1222 0.0000 -0.4014
0.1396 0.0000 -0.4014
0.1571 0.0000 -0.4014
0.1745 0.0000 -0.4014
0.1920 0.0000 -0.4014
0.2094 0.0000 -0.4014
0.2269 0.0000 -0.4014
0.2443 0.0000 -0.4014
0.2618 0.0000 -0.4014
0.2793 0.0000 -0.4014
0.2967 0.0000 -0.4014
0.3142 0.0000 -0.4014
0.3316 0.0000 -0.4014
0.3491 0.0000 -0.4014
0.3665 0.0000 -0.4014
0.3840 0.0000 -0.4014
0.4014 0.0000 -0.4014
0.4189 0.0000 -0.4014
0.4363 0.0000 -0.4014
0.4538 0.0000 -0.4014
0.4712 0.0000 -0.4014
0.4887 0.0000 -0.4014
0.5061 0.0000 -0.4014
0.5236 0.0000 -0.4014
0.5411 0.0000 -0.4014
0.5585 0.0000 -0.4014
0.5760 0.0000 -0.4014
0.5934 0.0000 -0.4014
0.6109 0.0000 -0.4014
0.6283 0.0000 -0.4014
0.6458 0.0000 -0.4014
0.6632 0.0000 -0.4014
0.6807 0.0000 -0.4014
0.6981 0.0000 -0.4014
0.7156 0.0000 -0.4014
0.7330 0.0000 -0.4014
0.7505 0.0000 -0.4014
0.7679 0.0000 -0.4014
0.7854 0.0000 -0.4014
0.8029 0.0000 -0.4014
0.8203 0.0000 -0.4014
0.8378 0.0000 -0.4014
0.8552 0.0000 -0.4014
0.8727 0.0000 -0.4014
0.8901 0.0000 -0.4014
0.9076 0.0000 -0.4014
0.9250 0.0000 -0.4014
0.9425 0.0000 -0.4014
0.9599 0.0000 -0.4014
0.9774 0.0000 -0.4014
0.9948 0.0000 -0.4014
1.0123 0.0000 -0.4014
1.0297 0.0000 -0.4014
1.0472 0.0000 -0.4014
1.0647 0.0000 -0.4014
1.0821 0.0000 -0.4014
1.0996 0.0000 -0.4014
1.1170 0.0000 -0.4014
1.1345 0.0000 -0.4014
1.1519 0.0000 -0.4014
1.1694 0.0000 -0.4014
1.1868 0.0000 -0.4014
1.2043 0.0000 -0.4014
1.2217 0.0000 -0.4014
0.0000 0.0000 -0.3840
0.0175 0.0000 -0.3840
0.0349 0.0000 -0.3840
0.0524 0.0000 -0.3840
0.0698 0.0000 -0.3840
0.0873 0.0000 -0.3840
0.1047 0.0000 -0.3840
0.1222 0.0000 -0.3840
0.1396 0.0000 -0.3840
0.1571 0.0000 -0.3840
0.1745 0.0000 -0.3840
0.1920 0.0000 -0.3840
0.2094 0.0000 -0.3840
0.2269 0.0000 -0.3840
0.2443 0.0000 -0.3840
0.2618 0.0000 -0.3840
0.2793 0.0000 -0.3840
0.2967 0.0000 -0.3840
0.3142 0.0000 -0.3840
0.3316 0.0000 -0.3840
0.3491 0.0000 -0.3840
0.3665 0.0000 -0.3840
0.3840 0.0000 -0.3840
0.4014 0.0000 -0.3840
0.4189 0.0000 -0.3840
0.4363 0.0000 -0.3840
0.4538 0.0000 -0.3840
0.4712 0.0000 -0.3840
0.4887 0.0000 -0.3840
0.5061 0.0000 -0.3840
0.5236 0.0000 -0.3840
0.5411 0.0000 -0.3840
0.5585 0.0000 -0.3840
0.5760 0.0000 -0.3840
0.5934 0.0000 -0.3840
0.6109 0.0000 -0.3840
0.6283 0.0000 -0.3840
0.6458 0.0000 -0.3840
0.6632 0.0000 -0.3840
0.6807 0.0000 -0.3840
0.6981 0.0000 -0.3840
0.7156 0.0000 -0.3840
0.7330 0.0000 -0.3840
0.7505 0.0000 -0.3840
0.7679 0.0000 -0.3840
0.7854 0.0000 -0.3840
0.8029 0.0000 -0.3840
0.8203 0.0000 -0.3840
0.8378 0.0000 -0.3840
0.8552 0.0000 -0.3840
0.8727 0.0000 -0.3840
0.8901 0.0000 -0.3840
0.9076 0.0000 -0.3840
0.9250 0.0000 -0.3840
0.9425 0.0000 -0.3840
0.9599 0.0000 -0.3840
0.9774 0.0000 -0.3840
0.9948 0.0000 -0.3840
1.0123 0.0000 -0.3840
1.0297 0.0000 -0.3840
1.0472 0.0000 -0.3840
1.0647 0.0000 -0.3840
1.0821 0.0000 -0.3840
1.0996 0.0000 -0.3840
1.1170 0.0000 -0.3840
1.1345 0.0000 -0.3840
1.1519 0.0000 -0.3840
1.1694 0.0000 -0.3840
1.1868 0.0000 -0.3840
1.2043 0.0000 -0.3840
1.2217 0.0000 -0.3840
0.0000 0.0000 -0.3665
0.0175 0.0000 -0.3665
0.0349 0.0000 -0.3665
0.0524 0.0000 -0.3665
0.0698 0.0000 -0.3665
0.0873 0.0000 -0.3665
0.1047 0.0000 -0.3665
0.1222 0.0000 -0.3665
0.1396 0.0000 -0.3665
0.1571 0.0000 -0.3665
0.1745 0.0000 -0.3665
0.1920 0.0000 -0.3665
0.2094 0.0000 -0.3665
0.2269 0.0000 -0.3665
0.2443 0.0000 -0.3665
0.2618 0.0000 -0.3665
0.2793 0.0000 -0.3665
0.2967 0.0000 -0.3665
0.3142 0.0000 -0.3665
0.3316 0.0000 -0.3665
0.3491 0.0000 -0.3665
0.3665 0.0000 -0.3665
0.3840 0.0000 -0.3665
0.4014 0.0000 -0.3665
0.4189 0.0000 -0.3665
0.4363 0.0000 -0.3665
0.4538 0.0000 -0.3665
0.4712 0.0000 -0.3665
0.4887 0.0000 -0.3665
0.5061 0.0000 -0.3665
0.5236 0.0000 -0.3665
0.5411 0.0000 -0.3665
0.5585 0.0000 -0.3665
0.5760 0.0000 -0.3665
0.5934 0.0000 -0.3665
0.6109 0.0000 -0.3665
0.6283 0.0000 -0.3665
0.6458 0.0000 -0.3665
0.6632 0.0000 -0.3665
0.6807 0.0000 -0.3665
0.6981 0.0000 -0.3665
0.7156 0.0000 -0.3665
0.7330 0.0000 -0.3665
0.7505 0.0000 -0.3665
0.7679 0.0000 -0.3665
0.7854 0.0000 -0.3665
0.8029 0.0000 -0.3665
0.8203 0.0000 -0.3665
0.8378 0.0000 -0.3665
0.8552 0.0000 -0.3665
0.8727 0.0000 -0.3665
0.8901 0.0000 -0.3665
0.9076 0.0000 -0.3665
0.9250 0.0000 -0.3665
0.9425 0.0000 -0.3665
0.9599 0.0000 -0.3665
0.9774 0.0000 -0.3665
0.9948 0.0000 -0.3665
1.0123 0.0000 -0.3665
1.0297 0.0000 -0.3665
1.0472 0.0000 -0.3665
1.0647 0.0000 -0.3665
1.0821 0.0000 -0.3665
1.0996 0.0000 -0.3665
1.1170 0.0000 -0.3665
1.1345 0.0000 -0.3665
1.1519 0.0000 -0.3665
1.1694 0.0000 -0.3665
1.1868 0.0000 -0.3665
1.2043 0.0000 -0.3665
1.2217 0.0000 -0.3665
0.0000 0.0000 -0.3491
0.0175 0.0000 -0.3491
0.0349 0.0000 -0.3491
0.0524 0.0000 -0.3491
0.0698 0.0000 -0.3491
0.0873 0.0000 -0.3491
0.1047 0.0000 -0.3491
0.1222 0.0000 -0.3491
0.1396 0.0000 -0.3491
0.1571 0.0000 -0.3491
0.1745 0.0000 -0.3491
0.1920 0.0000 -0.3491
0.2094 0.0000 -0.3491
0.2269 0.0000 -0.3491
0.2443 0.0000 -0.3491
0.2618 0.0000 -0.3491
0.2793 0.0000 -0.3491
0.2967 0.0000 -0.3491
0.3142 0.0000 -0.3491
0.3316 0.0000 -0.3491
0.3491 0.0000 -0.3491
0.3665 0.0000 -0.3491
0.3840 0.0000 -0.3491
0.4014 0.0000 -0.3491
0.4189 0.0000 -0.3491
0.4363 0.0000 -0.3491
0.4538 0.0000 -0.3491
0.4712 0.0000 -0.3491
0.4887 0.0000 -0.3491
0.5061 0.0000 -0.3491
0.5236 0.0000 -0.3491
0.5411 0.0000 -0.3491
0.5585 0.0000 -0.3491
0.5760 0.0000 -0.3491
0.5934 0.0000 -0.3491
0.6109 0.0000 -0.3491
0.6283 0.0000 -0.3491
0.6458 0.0000 -0.3491
0.6632 0.0000 -0.3491
0.6807 0.0000 -0.3491
0.6981 0.0000 -0.3491
0.7156 0.0000 -0.3491
0.7330 0.0000 -0.3491
0.7505 0.0000 -0.3491
0.7679 0.0000 -0.3491
0.7854 0.0000 -0.3491
0.8029 0.0000 -0.3491
0.8203 0.0000 -0.3491
0.8378 0.0000 -0.3491
0.8552 0.0000 -0.3491
0.8727 0.0000 -0.3491
0.8901 0.0000 -0.3491
0.9076 0.0000 -0.3491
0.9250 0.0000 -0.3491
0.9425 0.0000 -0.3491
0.9599 0.0000 -0.3491
0.9774 0.0000 -0.3491
0.9948 0.0000 -0.3491
1.0123 0.0000 -0.3491
1.0297 0.0000 -0.3491
1.0472 0.0000 -0.3491
1.0647 0.0000 -0.3491
1.0821 0.0000 -0.3491
1.0996 0.0000 -0.3491
1.1170 0.0000 -0.3491
1.1345 0.0000 -0.3491
1.1519 0.0000 -0.3491
1.1694 0.0000 -0.3491
1.1868 0.0000 -0.3491
1.2043 0.0000 -0.3491
1.2217 0.0000 -0.3491
0.0000 0.0000 -0.3316
0.0175 0.0000 -0.3316
0.0349 0.0000 -0.3316
0.0524 0.0000 -0.3316
0.0698 0.0000 -0.3316
0.0873 0.0000 -0.3316
0.1047 0.0000 -0.3316
0.1222 0.0000 -0.3316
0.1396 0.0000 -0.3316
0.1571 0.0000 -0.3316
0.1745 0.0000 -0.3316
0.1920 0.0000 -0.3316
0.2094 0.0000 -0.3316
0.2269 0.0000 -0.3316
0.2443 0.0000 -0.3316
0.2618 0.0000 -0.3316
0.2793 0.0000 -0.3316
0.2967 0.0000 -0.3316
0.3142 0.0000 -0.3316
0.3316 0.0000 -0.3316
0.3491 0.0000 -0.3316
0.3665 0.0000 -0.3316
0.3840 0.0000 -0.3316
0.4014 0.0000 -0.3316
0.4189 0.0000 -0.3316
0.4363 0.0000 -0.3316
0.4538 0.0000 -0.3316
0.4712 0.0000 -0.3316
0.4887 0.0000 -0.3316
0.5061 0.0000 -0.3316
0.5236 0.0000 -0.3316
0.5411 0.0000 -0.3316
0.5585 0.0000 -0.3316
0.5760 0.0000 -0.3316
0.5934 0.0000 -0.3316
0.6109 0.0000 -0.3316
0.6283 0.0000 -0.3316
0.6458 0.0000 -0.3316
0.6632 0.0000 -0.3316
0.6807 0.0000 -0.3316
0.6981 0.0000 -0.3316
0.7156 0.0000 -0.3316
0.7330 0.0000 -0.3316
0.7505 0.0000 -0.3316
0.7679 0.0000 -0.3316
0.7854 0.0000 -0.3316
0.8029 0.0000 -0.3316
0.8203 0.0000 -0.3316
0.8378 0.0000 -0.3316
0.8552 0.0000 -0.3316
0.8727 0.0000 -0.3316
0.8901 0.0000 -0.3316
0.9076 0.0000 -0.3316
0.9250 0.0000 -0.3316
0.9425 0.0000 -0.3316
0.9599 0.0000 -0.3316
0.9774 0.0000 -0.3316
0.9948 0.0000 -0.3316
1.0123 0.0000 -0.3316
1.0297 0.0000 -0.3316
1.0472 0.0000 -0.3316
1.0647 0.0000 -0.3316
1.0821 0.0000 -0.3316
1.0996 0.0000 -0.3316
1.1170 0.0000 -0.3316
1.1345 0.0000 -0.3316
1.1519 0.0000 -0.3316
1.1694 0.0000 -0.3316
1.1868 0.0000 -0.3316
1.2043 0.0000 -0.3316
1.2217 0.0000 -0.3316
0.0000 0.0000 -0.3142
0.0175 0.0000 -0.3142
0.0349 0.0000 -0.3142
0.0524 0.0000 -0.3142
0.0698 0.0000 -0.3142
0.0873 0.0000 -0.3142
0.1047 0.0000 -0.3142
0.1222 0.0000 -0.3142
0.1396 0.0000 -0.3142
0.1571 0.0000 -0.3142
0.1745 0.0000 -0.3142
0.1920 0.0000 -0.3142
0.2094 0.0000 -0.3142
0.2269 0.0000 -0.3142
0.2443 0.0000 -0.3142
0.2618 0.0000 -0.3142
0.2793 0.0000 -0.3142
0.2967 0.0000 -0.3142
0.3142 0.0000 -0.3142
0.3316 0.0000 -0.3142
0.3491 0.0000 -0.3142
0.3665 0.0000 -0.3142
0.3840 0.0000 -0.3142
0.4014 0.0000 -0.3142
0.4189 0.0000 -0.3142
0.4363 0.0000 -0.3142
0.4538 0.0000 -0.3142
0.4712 0.0000 -0.3142
0.4887 0.0000 -0.3142
0.5061 0.0000 -0.3142
0.5236 0.0000 -0.3142
0.5411 0.0000 -0.3142
0.5585 0.0000 -0.3142
0.5760 0.0000 -0.3142
0.5934 0.0000 -0.3142
0.6109 0.0000 -0.3142
0.6283 0.0000 -0.3142
0.6458 0.0000 -0.3142
0.6632 0.0000 -0.3142
0.6807 0.0000 -0.3142
0.6981 0.0000 -0.3142
0.7156 0.0000 -0.3142
0.7330 0.0000 -0.3142
0.7505 0.0000 -0.3142
0.7679 0.0000 -0.3142
0.7854 0.0000 -0.3142
0.8029 0.0000 -0.3142
0.8203 0.0000 -0.3142
0.8378 0.0000 -0.3142
0.8552 0.0000 -0.3142
0.8727 0.0000 -0.3142
0.8901 0.0000 -0.3142
0.9076 0.0000 -0.3142
0.9250 0.0000 -0.3142
0.9425 0.0000 -0.3142
0.9599 0.0000 -0.3142
0.9774 0.0000 -0.3142
0.9948 0.0000 -0.3142
1.0123 0.0000 -0.3142
1.0297 0.0000 -0.3142
1.0472 0.0000 -0.3142
1.0647 0.0000 -0.3142
1.0821 0.0000 -0.3142
1.0996 0.0000 -0.3142
1.1170 0.0000 -0.3142
1.1345 0.0000 -0.3142
1.1519 0.0000 -0.3142
1.1694 0.0000 -0.3142
1.1868 0.0000 -0.3142
1.2043 0.0000 -0.3142
1.2217 0.0000 -0.3142
0.0000 0.0000 -0.2967
0.0175 0.0000 -0.2967
0.0349 0.0000 -0.2967
0.0524 0.0000 -0.2967
0.0698 0.0000 -0.2967
0.0873 0.0000 -0.2967
0.1047 0.0000 -0.2967
0.1222 0.0000 -0.2967
0.1396 0.0000 -0.2967
0.1571 0.0000 -0.2967
0.1745 0.0000 -0.2967
0.1920 0.0000 -0.2967
0.2094 0.0000 -0.2967
0.2269 0.0000 -0.2967
0.2443 0.0000 -0.2967
0.2618 0.0000 -0.2967
0.2793 0.0000 -0.2967
0.2967 0.0000 -0.2967
0.3142 0.0000 -0.2967
0.3316 0.0000 -0.2967
0.3491 0.0000 -0.2967
0.3665 0.0000 -0.2967
0.3840 0.0000 -0.2967
0.4014 0.0000 -0.2967
0.4189 0.0000 -0.2967
0.4363 0.0000 -0.2967
0.4538 0.0000 -0.2967
0.4712 0.0000 -0.2967
0.4887 0.0000 -0.2967
0.5061 0.0000 -0.2967
0.5236 0.0000 -0.2967
0.5411 0.0000 -0.2967
0.5585 0.0000 -0.2967
0.5760 0.0000 -0.2967
0.5934 0.0000 -0.2967
0.6109 0.0000 -0.2967
0.6283 0.0000 -0.2967
0.6458 0.0000 -0.2967
0.6632 0.0000 -0.2967
0.6807 0.0000 -0.2967
0.6981 0.0000 -0.2967
0.7156 0.0000 -0.2967
0.7330 0.0000 -0.2967
0.7505 0.0000 -0.2967
0.7679 0.0000 -0.2967
0.7854 0.0000 -0.2967
0.8029 0.0000 -0.2967
0.8203 0.0000 -0.2967
0.8378 0.0000 -0.2967
0.8552 0.0000 -0.2967
0.8727 0.0000 -0.2967
0.8901 0.0000 -0.2967
0.9076 0.0000 -0.2967
0.9250 0.0000 -0.2967
0.9425 0.0000 -0.2967
0.9599 0.0000 -0.2967
0.9774 0.0000 -0.2967
0.9948 0.0000 -0.2967
1.0123 0.0000 -0.2967
1.0297 0.0000 -0.2967
1.0472 0.0000 -0.2967
1.0647 0.0000 -0.2967
1.0821 0.0000 -0.2967
1.0996 0.0000 -0.2967
1.1170 0.0000 -0.2967
1.1345 0.0000 -0.2967
1.1519 0.0000 -0.2967
1.1694 0.0000 -0.2967
1.1868 0.0000 -0.2967
1.2043 0.0000 -0.2967
1.2217 0.0000 -0.2967
0.0000 0.0000 -0.2793
0.0175 0.0000 -0.2793
0.0349 0.0000 -0.2793
0.0524 0.0000 -0.2793
0.0698 0.0000 -0.2793
0.0873 0.0000 -0.2793
0.1047 0.0000 -0.2793
0.1222 0.0000 -0.2793
0.1396 0.0000 -0.2793
0.1571 0.0000 -0.2793
0.1745 0.0000 -0.2793
0.1920 0.0000 -0.2793
0.2094 0.0000 -0.2793
0.2269 0.0000 -0.2793
0.2443 0.0000 -0.2793
0.2618 0.0000 -0.2793
0.2793 0.0000 -0.2793
0.2967 0.0000 -0.2793
0.3142 0.0000 -0.2793
0.3316 0.0000 -0.2793
0.3491 0.0000 -0.2793
0.3665 0.0000 -0.2793
0.3840 0.0000 -0.2793
0.4014 0.0000 -0.2793
0.4189 0.0000 -0.2793
0.4363 0.0000 -0.2793
0.4538 0.0000 -0.2793
0.4712 0.0000 -0.2793
0.4887 0.0000 -0.2793
0.5061 0.0000 -0.2793
0.5236 0.0000 -0.2793
0.5411 0.0000 -0.2793
0.5585 0.0000 -0.2793
0.5760 0.0000 -0.2793
0.5934 0.0000 -0.2793
0.6109 0.0000 -0.2793
0.6283 0.0000 -0.2793
0.6458 0.0000 -0.2793
0.6632 0.0000 -0.2793
0.6807 0.0000 -0.2793
0.6981 0.0000 -0.2793
0.7156 0.0000 -0.2793
0.7330 0.0000 -0.2793
0.7505 0.0000 -0.2793
0.7679 0.0000 -0.2793
0.7854 0.0000 -0.2793
0.8029 0.0000 -0.2793
0.8203 0.0000 -0.2793
0.8378 0.0000 -0.2793
0.8552 0.0000 -0.2793
0.8727 0.0000 -0.2793
0.8901 0.0000 -0.2793
0.9076 0.0000 -0.2793
0.9250 0.0000 -0.2793
0.9425 0.0000 -0.2793
0.9599 0.0000 -0.2793
0.9774 0.0000 -0.2793
0.9948 0.0000 -0.2793
1.0123 0.0000 -0.2793
1.0297 0.0000 -0.2793
1.0472 0.0000 -0.2793
1.0647 0.0000 -0.2793
1.0821 0.0000 -0.2793
1.0996 0.0000 -0.2793
1.1170 0.0000 -0.2793
1.1345 0.0000 -0.2793
1.1519 0.0000 -0.2793
1.1694 0.0000 -0.2793
1.1868 0.0000 -0.2793
1.2043 0.0000 -0.2793
1.2217 0.0000 -0.2793
0.0000 0.0000 -0.2618
0.0175 0.0000 -0.2618
0.0349 0.0000 -0.2618
0.0524 0.0000 -0.2618
0.0698 0.0000 -0.2618
0.0873 0.0000 -0.2618
0.1047 0.0000 -0.2618
0.1222 0.0000 -0.2618
0.1396 0.0000 -0.2618
0.1571 0.0000 -0.2618
0.1745 0.0000 -0.2618
0.1920 0.0000 -0.2618
0.2094 0.0000 -0.2618
0.2269 0.0000 -0.2618
0.2443 0.0000 -0.2618
0.2618 0.0000 -0.2618
0.2793 0.0000 -0.2618
0.2967 0.0000 -0.2618
0.3142 0.0000 -0.2618
0.3316 0.0000 -0.2618
0.3491 0.0000 -0.2618
0.3665 0.0000 -0.2618
0.3840 0.0000 -0.2618
0.4014 0.0000 -0.2618
0.4189 0.0000 -0.2618
0.4363 0.0000 -0.2618
0.4538 0.0000 -0.2618
0.4712 0.0000 -0.2618
0.4887 0.0000 -0.2618
0.5061 0.0000 -0.2618
0.5236 0.0000 -0.2618
0.5411 0.0000 -0.2618
0.5585 0.0000 -0.2618
0.5760 0.0000 -0.2618
0.5934 0.0000 -0.2618
0.6109 0.0000 -0.2618
0.6283 0.0000 -0.2618
0.6458 0.0000 -0.2618
0.6632 0.0000 -0.2618
0.6807 0.0000 -0.2618
0.6981 0.0000 -0.2618
0.7156 0.0000 -0.2618
0.7330 0.0000 -0.2618
0.7505 0.0000 -0.2618
0.7679 0.0000 -0.2618
0.7854 0.0000 -0.2618
0.8029 0.0000 -0.2618
0.8203 0.0000 -0.2618
0.8378 0.0000 -0.2618
0.8552 0.0000 -0.2618
0.8727 0.0000 -0.2618
0.8901 0.0000 -0.2618
0.9076 0.0000 -0.2618
0.9250 0.0000 -0.2618
0.9425 0.0000 -0.2618
0.9599 0.0000 -0.2618
0.9774 0.0000 -0.2618
0.9948 0.0000 -0.2618
1.0123 0.0000 -0.2618
1.0297 0.0000 -0.2618
1.0472 0.0000 -0.2618
1.0647 0.0000 -0.2618
1.0821 0.0000 -0.2618
1.0996 0.0000 -0.2618
1.1170 0.0000 -0.2618
1.1345 0.0000 -0.2618
1.1519 0.0000 -0.2618
1.1694 0.0000 -0.2618
1.1868 0.0000 -0.2618
1.2043 0.0000 -0.2618
1.2217 0.0000 -0.2618
0.0000 0.0000 -0.2443
0.0175 0.0000 -0.2443
0.0349 0.0000 -0.2443
0.0524 0.0000 -0.2443
0.0698 0.0000 -0.2443
0.0873 0.0000 -0.2443
0.1047 0.0000 -0.2443
0.1222 0.0000 -0.2443
0.1396 0.0000 -0.2443
0.1571 0.0000 -0.2443
0.1745 0.0000 -0.2443
0.1920 0.0000 -0.2443
0.2094 0.0000 -0.2443
0.2269 0.0000 -0.2443
0.2443 0.0000 -0.2443
0.2618 0.0000 -0.2443
0.2793 0.0000 -0.2443
0.2967 0.0000 -0.2443
0.3142 0.0000 -0.2443
0.3316 0.0000 -0.2443
0.3491 0.0000 -0.2443
0.3665 0.0000 -0.2443
0.3840 0.0000 -0.2443
0.4014 0.0000 -0.2443
0.4189 0.0000 -0.2443
0.4363 0.0000 -0.2443
0.4538 0.0000 -0.2443
0.4712 0.0000 -0.2443
0.4887 0.0000 -0.2443
0.5061 0.0000 -0.2443
0.5236 0.0000 -0.2443
0.5411 0.0000 -0.2443
0.5585 0.0000 -0.2443
0.5760 0.0000 -0.2443
0.5934 0.0000 -0.2443
0.6109 0.0000 -0.2443
0.6283 0.0000 -0.2443
0.6458 0.0000 -0.2443
0.6632 0.0000 -0.2443
0.6807 0.0000 -0.2443
0.6981 0.0000 -0.2443
0.7156 0.0000 -0.2443
0.7330 0.0000 -0.2443
0.7505 0.0000 -0.2443
0.7679 0.0000 -0.2443
0.7854 0.0000 -0.2443
0.8029 0.0000 -0.2443
0.8203 0.0000 -0.2443
0.8378 0.0000 -0.2443
0.8552 0.0000 -0.2443
0.8727 0.0000 -0.2443
0.8901 0.0000 -0.2443
0.9076 0.0000 -0.2443
0.9250 0.0000 -0.2443
0.9425 0.0000 -0.2443
0.9599 0.0000 -0.2443
0.9774 0.0000 -0.2443
0.9948 0.0000 -0.2443
1.0123 0.0000 -0.2443
1.0297 0.0000 -0.2443
1.0472 0.0000 -0.2443
1.0647 0.0000 -0.2443
1.0821 0.0000 -0.2443
1.0996 0.0000 -0.2443
1.1170 0.0000 -0.2443
1.1345 0.0000 -0.2443
1.1519 0.0000 -0.2443
1.1694 0.0000 -0.2443
1.1868 0.0000 -0.2443
1.2043 0.0000 -0.2443
1.2217 0.0000 -0.2443
0.0000 0.0000 -0.2269
0.0175 0.0000 -0.2269
0.0349 0.0000 -0.2269
0.0524 0.0000 -0.2269
0.0698 0.0000 -0.2269
0.0873 0.0000 -0.2269
0.1047 0.0000 -0.2269
0.1222 0.0000 -0.2269
0.1396 0.0000 -0.2269
0.1571 0.0000 -0.2269
0.1745 0.0000 -0.2269
0.1920 0.0000 -0.2269
0.2094 0.0000 -0.2269
0.2269 0.0000 -0.2269
0.2443 0.0000 -0.2269
0.2618 0.0000 -0.2269
0.2793 0.0000 -0.2269
0.2967 0.0000 -0.2269
0.3142 0.0000 -0.2269
0.3316 0.0000 -0.2269
0.3491 0.0000 -0.2269
0.3665 0.0000 -0.2269
0.3840 0.0000 -0.2269
0.4014 0.0000 -0.2269
0.4189 0.0000 -0.2269
0.4363 0.0000 -0.2269
0.4538 0.0000 -0.2269
0.4712 0.0000 -0.2269
0.4887 0.0000 -0.2269
0.5061 0.0000 -0.2269
0.5236 0.0000 -0.2269
0.5411 0.0000 -0.2269
0.5585 0.0000 -0.2269
0.5760 0.0000 -0.2269
0.5934 0.0000 -0.2269
0.6109 0.0000 -0.2269
0.6283 0.0000 -0.2269
0.6458 0.0000 -0.2269
0.6632 0.0000 -0.2269
0.6807 0.0000 -0.2269
0.6981 0.0000 -0.2269
0.7156 0.0000 -0.2269
0.7330 0.0000 -0.2269
0.7505 0.0000 -0.2269
0.7679 0.0000 -0.2269
0.7854 0.0000 -0.2269
0.8029 0.0000 -0.2269
0.8203 0.0000 -0.2269
0.8378 0.0000 -0.2269
0.8552 0.0000 -0.2269
0.8727 0.0000 -0.2269
0.8901 0.0000 -0.2269
0.9076 0.0000 -0.2269
0.9250 0.0000 -0.2269
0.9425 0.0000 -0.2269
0.9599 0.0000 -0.2269
0.9774 0.0000 -0.2269
0.9948 0.0000 -0.2269
1.0123 0.0000 -0.2269
1.0297 0.0000 -0.2269
1.0472 0.0000 -0.2269
1.0647 0.0000 -0.2269
1.0821 0.0000 -0.2269
1.0996 0.0000 -0.2269
1.1170 0.0000 -0.2269
1.1345 0.0000 -0.2269
1.1519 0.0000 -0.2269
1.1694 0.0000 -0.2269
1.1868 0.0000 -0.2269
1.2043 0.0000 -0.2269
1.2217 0.0000 -0.2269
0.0000 0.0000 -0.2094
0.0175 0.0000 -0.2094
0.0349 0.0000 -0.2094
0.0524 0.0000 -0.2094
0.0698 0.0000 -0.2094
0.0873 0.0000 -0.2094
0.1047 0.0000 -0.2094
0.1222 0.0000 -0.2094
0.1396 0.0000 -0.2094
0.1571 0.0000 -0.2094
0.1745 0.0000 -0.2094
0.1920 0.0000 -0.2094
0.2094 0.0000 -0.2094
0.2269 0.0000 -0.2094
0.2443 0.0000 -0.2094
0.2618 0.0000 -0.2094
0.2793 0.0000 -0.2094
0.2967 0.0000 -0.2094
0.3142 0.0000 -0.2094
0.3316 0.0000 -0.2094
0.3491 0.0000 -0.2094
0.3665 0.0000 -0.2094
0.3840 0.0000 -0.2094
0.4014 0.0000 -0.2094
0.4189 0.0000 -0.2094
0.4363 0.0000 -0.2094
0.4538 0.0000 -0.2094
0.4712 0.0000 -0.2094
0.4887 0.0000 -0.2094
0.5061 0.0000 -0.2094
0.5236 0.0000 -0.2094
0.5411 0.0000 -0.2094
0.5585 0.0000 -0.2094
0.5760 0.0000 -0.2094
0.5934 0.0000 -0.2094
0.6109 0.0000 -0.2094
0.6283 0.0000 -0.2094
0.6458 0.0000 -0.2094
0.6632 0.0000 -0.2094
0.6807 0.0000 -0.2094
0.6981 0.0000 -0.2094
0.7156 0.0000 -0.2094
0.7330 0.0000 -0.2094
0.7505 0.0000 -0.2094
0.7679 0.0000 -0.2094
0.7854 0.0000 -0.2094
0.8029 0.0000 -0.2094
0.8203 0.0000 -0.2094
0.8378 0.0000 -0.2094
0.8552 0.0000 -0.2094
0.8727 0.0000 -0.2094
0.8901 0.0000 -0.2094
0.9076 0.0000 -0.2094
0.9250 0.0000 -0.2094
0.9425 0.0000 -0.2094
0.9599 0.0000 -0.2094
0.9774 0.0000 -0.2094
0.9948 0.0000 -0.2094
1.0123 0.0000 -0.2094
1.0297 0.0000 -0.2094
1.0472 0.0000 -0.2094
1.0647 0.0000 -0.2094
1.0821 0.0000 -0.2094
1.0996 0.0000 -0.2094
1.1170 0.0000 -0.2094
1.1345 0.0000 -0.2094
1.1519 0.0000 -0.2094
1.1694 0.0000 -0.2094
1.1868 0.0000 -0.2094
1.2043 0.0000 -0.2094
1.2217 0.0000 -0.2094
0.0000 0.0000 -0.1920
0.0175 0.0000 -0.1920
0.0349 0.0000 -0.1920
0.0524 0.0000 -0.1920
0.0698 0.0000 -0.1920
0.0873 0.0000 -0.1920
0.1047 0.0000 -0.1920
0.1222 0.0000 -0.1920
0.1396 0.0000 -0.1920
0.1571 0.0000 -0.1920
0.1745 0.0000 -0.1920
0.1920 0.0000 -0.1920
0.2094 0.0000 -0.1920
0.2269 0.0000 -0.1920
0.2443 0.0000 -0.1920
0.2618 0.0000 -0.1920
0.2793 0.0000 -0.1920
0.2967 0.0000 -0.1920
0.3142 0.0000 -0.1920
0.3316 0.0000 -0.1920
0.3491 0.0000 -0.1920
0.3665 0.0000 -0.1920
0.3840 0.0000 -0.1920
0.4014 0.0000 -0.1920
0.4189 0.0000 -0.1920
0.4363 0.0000 -0.1920
0.4538 0.0000 -0.1920
0.4712 0.0000 -0.1920
0.4887 0.0000 -0.1920
0.5061 0.0000 -0.1920
0.5236 0.0000 -0.1920
0.5411 0.0000 -0.1920
0.5585 0.0000 -0.1920
0.5760 0.0000 -0.1920
0.5934 0.0000 -0.1920
0.6109 0.0000 -0.1920
0.6283 0.0000 -0.1920
0.6458 0.0000 -0.1920
0.6632 0.0000 -0.1920
0.6807 0.0000 -0.1920
0.6981 0.0000 -0.1920
0.7156 0.0000 -0.1920
0.7330 0.0000 -0.1920
0.7505 0.0000 -0.1920
0.7679 0.0000 -0.1920
0.7854 0.0000 -0.1920
0.8029 0.0000 -0.1920
0.8203 0.0000 -0.1920
0.8378 0.0000 -0.1920
0.8552 0.0000 -0.1920
0.8727 0.0000 -0.1920
0.8901 0.0000 -0.1920
0.9076 0.0000 -0.1920
0.9250 0.0000 -0.1920
0.9425 0.0000 -0.1920
0.9599 0.0000 -0.1920
0.9774 0.0000 -0.1920
0.9948 0.0000 -0.1920
1.0123 0.0000 -0.1920
1.0297 0.0000 -0.1920
1.0472 0.0000 -0.1920
1.0647 0.0000 -0.1920
1.0821 0.0000 -0.1920
1.0996 0.0000 -0.1920
1.1170 0.0000 -0.1920
1.1345 0.0000 -0.1920
1.1519 0.0000 -0.1920
1.1694 0.0000 -0.1920
1.1868 0.0000 -0.1920
1.2043 0.0000 -0.1920
1.2217 0.0000 -0.1920
0.0000 0.0000 -0.1745
0.0175 0.0000 -0.1745
0.0349 0.0000 -0.1745
0.0524 0.0000 -0.1745
0.0698 0.0000 -0.1745
0.0873 0.0000 -0.1745
0.1047 0.0000 -0.1745
0.1222 0.0000 -0.1745
0.1396 0.0000 -0.1745
0.1571 0.0000 -0.1745
0.1745 0.0000 -0.1745
0.1920 0.0000 -0.1745
0.2094 0.0000 -0.1745
0.2269 0.0000 -0.1745
0.2443 0.0000 -0.1745
0.2618 0.0000 -0.1745
0.2793 0.0000 -0.1745
0.2967 0.0000 -0.1745
0.3142 0.0000 -0.1745
0.3316 0.0000 -0.1745
0.3491 0.0000 -0.1745
0.3665 0.0000 -0.1745
0.3840 0.0000 -0.1745
0.4014 0.0000 -0.1745
0.4189 0.0000 -0.1745
0.4363 0.0000 -0.1745
0.4538 0.0000 -0.1745
0.4712 0.0000 -0.1745
0.4887 0.0000 -0.1745
0.5061 0.0000 -0.1745
0.5236 0.0000 -0.1745
0.5411 0.0000 -0.1745
0.5585 0.0000 -0.1745
0.5760 0.0000 -0.1745
0.5934 0.0000 -0.1745
0.6109 0.0000 -0.1745
0.6283 0.0000 -0.1745
0.6458 0.0000 -0.1745
0.6632 0.0000 -0.1745
0.6807 0.0000 -0.1745
0.6981 0.0000 -0.1745
0.7156 0.0000 -0.1745
0.7330 0.0000 -0.1745
0.7505 0.0000 -0.1745
0.7679 0.0000 -0.1745
0.7854 0.0000 -0.1745
0.8029 0.0000 -0.1745
0.8203 0.0000 -0.1745
0.8378 0.0000 -0.1745
0.8552 0.0000 -0.1745
0.8727 0.0000 -0.1745
0.8901 0.0000 -0.1745
0.9076 0.0000 -0.1745
0.9250 0.0000 -0.1745
0.9425 0.0000 -0.1745
0.9599 0.0000 -0.1745
0.9774 0.0000 -0.1745
0.9948 0.0000 -0.1745
1.0123 0.0000 -0.1745
1.0297 0.0000 -0.1745
1.0472 0.0000 -0.1745
1.0647 0.0000 -0.1745
1.0821 0.0000 -0.1745
1.0996 0.0000 -0.1745
1.1170 0.0000 -0.1745
1.1345 0.0000 -0.1745
1.1519 0.0000 -0.1745
1.1694 0.0000 -0.1745
1.1868 0.0000 -0.1745
1.2043 0.0000 -0.1745
1.2217 0.0000 -0.1745
0.0000 0.0000 -0.1571
0.0175 0.0000 -0.1571
0.0349 0.0000 -0.1571
0.0524 0.0000 -0.1571
0.0698 0.0000 -0.1571
0.0873 0.0000 -0.1571
0.1047 0.0000 -0.1571
0.1222 0.0000 -0.1571
0.1396 0.0000 -0.1571
0.1571 0.0000 -0.1571
0.1745 0.0000 -0.1571
0.1920 0.0000 -0.1571
0.2094 0.0000 -0.1571
0.2269 0.0000 -0.1571
0.2443 0.0000 -0.1571
0.2618 0.0000 -0.1571
0.2793 0.0000 -0.1571
0.2967 0.0000 -0.1571
0.3142 0.0000 -0.1571
0.3316 0.0000 -0.1571
0.3491 0.0000 -0.1571
0.3665 0.0000 -0.1571
0.3840 0.0000 -0.1571
0.4014 0.0000 -0.1571
0.4189 0.0000 -0.1571
0.4363 0.0000 -0.1571
0.4538 0.0000 -0.1571
0.4712 0.0000 -0.1571
0.4887 0.0000 -0.1571
0.5061 0.0000 -0.1571
0.5236 0.0000 -0.1571
0.5411 0.0000 -0.1571
0.5585 0.0000 -0.1571
0.5760 0.0000 -0.1571
0.5934 0.0000 -0.1571
0.6109 0.0000 -0.1571
0.6283 0.0000 -0.1571
0.6458 0.0000 -0.1571
0.6632 0.0000 -0.1571
0.6807 0.0000 -0.1571
0.6981 0.0000 -0.1571
0.7156 0.0000 -0.1571
0.7330 0.0000 -0.1571
0.7505 0.0000 -0.1571
0.7679 0.0000 -0.1571
0.7854 0.0000 -0.1571
0.8029 0.0000 -0.1571
0.8203 0.0000 -0.1571
0.8378 0.0000 -0.1571
0.8552 0.0000 -0.1571
0.8727 0.0000 -0.1571
0.8901 0.0000 -0.1571
0.9076 0.0000 -0.1571
0.9250 0.0000 -0.1571
0.9425 0.0000 -0.1571
0.9599 0.0000 -0.1571
0.9774 0.0000 -0.1571
0.9948 0.0000 -0.1571
1.0123 0.0000 -0.1571
1.0297 0.0000 -0.1571
1.0472 0.0000 -0.1571
1.0647 0.0000 -0.1571
1.0821 0.0000 -0.1571
1.0996 0.0000 -0.1571
1.1170 0.0000 -0.1571
1.1345 0.0000 -0.1571
1.1519 0.0000 -0.1571
1.1694 0.0000 -0.1571
1.1868 0.0000 -0.1571
1.2043 0.0000 -0.1571
1.2217 0.0000 -0.1571
0.0000 0.0000 -0.1396
0.0175 0.0000 -0.1396
0.0349 0.0000 -0.1396
0.0524 0.0000 -0.1396
0.0698 0.0000 -0.1396
0.0873 0.0000 -0.1396
0.1047 0.0000 -0.1396
0.1222 0.0000 -0.1396
0.1396 0.0000 -0.1396
0.1571 0.0000 -0.1396
0.1745 0.0000 -0.1396
0.1920 0.0000 -0.1396
0.2094 0.0000 -0.1396
0.2269 0.0000 -0.1396
0.2443 0.0000 -0.1396
0.2618 0.0000 -0.1396
0.2793 0.0000 -0.1396
0.2967 0.0000 -0.1396
0.3142 0.0000 -0.1396
0.3316 0.0000 -0.1396
0.3491 0.0000 -0.1396
0.3665 0.0000 -0.1396
0.3840 0.0000 -0.1396
0.4014 0.0000 -0.1396
0.4189 0.0000 -0.1396
0.4363 0.0000 -0.1396
0.4538 0.0000 -0.1396
0.4712 0.0000 -0.1396
0.4887 0.0000 -0.1396
0.5061 0.0000 -0.1396
0.5236 0.0000 -0.1396
0.5411 0.0000 -0.1396
0.5585 0.0000 -0.1396
0.5760 0.0000 -0.1396
0.5934 0.0000 -0.1396
0.6109 0.0000 -0.1396
0.6283 0.0000 -0.1396
0.6458 0.0000 -0.1396
0.6632 0.0000 -0.1396
0.6807 0.0000 -0.1396
0.6981 0.0000 -0.1396
0.7156 0.0000 -0.1396
0.7330 0.0000 -0.1396
0.7505 0.0000 -0.1396
0.7679 0.0000 -0.1396
0.7854 0.0000 -0.1396
0.8029 0.0000 -0.1396
0.8203 0.0000 -0.1396
0.8378 0.0000 -0.1396
0.8552 0.0000 -0.1396
0.8727 0.0000 -0.1396
0.8901 0.0000 -0.1396
0.9076 0.0000 -0.1396
0.9250 0.0000 -0.1396
0.9425 0.0000 -0.1396
0.9599 0.0000 -0.1396
0.9774 0.0000 -0.1396
0.9948 0.0000 -0.1396
1.0123 0.0000 -0.1396
1.0297 0.0000 -0.1396
1.0472 0.0000 -0.1396
1.0647 0.0000 -0.1396
1.0821 0.0000 -0.1396
1.0996 0.0000 -0.1396
1.1170 0.0000 -0.1396
1.1345 0.0000 -0.1396
1.1519 0.0000 -0.1396
1.1694 0.0000 -0.1396
1.1868 0.0000 -0.1396
1.2043 0.0000 -0.1396
1.2217 0.0000 -0.1396
0.0000 0.0000 -0.1222
0.0175 0.0000 -0.1222
0.0349 0.0000 -0.1222
0.0524 0.0000 -0.1222
0.0698 0.0000 -0.1222
0.0873 0.0000 -0.1222
0.1047 0.0000 -0.1222
0.1222 0.0000 -0.1222
0.1396 0.0000 -0.1222
0.1571 0.0000 -0.1222
0.1745 0.0000 -0.1222
0.1920 0.0000 -0.1222
0.2094 0.0000 -0.1222
0.2269 0.0000 -0.1222
0.2443 0.0000 -0.1222
0.2618 0.0000 -0.1222
0.2793 0.0000 -0.1222
0.2967 0.0000 -0.1222
0.3142 0.0000 -0.1222
0.3316 0.0000 -0.1222
0.3491 0.0000 -0.1222
0.3665 0.0000 -0.1222
0.3840 0.0000 -0.1222
0.4014 0.0000 -0.1222
0.4189 0.0000 -0.1222
0.4363 0.0000 -0.1222
0.4538 0.0000 -0.1222
0.4712 0.0000 -0.1222
0.4887 0.0000 -0.1222
0.5061 0.0000 -0.1222
0.5236 0.0000 -0.1222
0.5411 0.0000 -0.1222
0.5585 0.0000 -0.1222
0.5760 0.0000 -0.1222
0.5934 0.0000 -0.1222
0.6109 0.0000 -0.1222
0.6283 0.0000 -0.1222
0.6458 0.0000 -0.1222
0.6632 0.0000 -0.1222
0.6807 0.0000 -0.1222
0.6981 0.0000 -0.1222
0.7156 0.0000 -0.1222
0.7330 0.0000 -0.1222
0.7505 0.0000 -0.1222
0.7679 0.0000 -0.1222
0.7854 0.0000 -0.1222
0.8029 0.0000 -0.1222
0.8203 0.0000 -0.1222
0.8378 0.0000 -0.1222
0.8552 0.0000 -0.1222
0.8727 0.0000 -0.1222
0.8901 0.0000 -0.1222
0.9076 0.0000 -0.1222
0.9250 0.0000 -0.1222
0.9425 0.0000 -0.1222
0.9599 0.0000 -0.1222
0.9774 0.0000 -0.1222
0.9948 0.0000 -0.1222
1.0123 0.0000 -0.1222
1.0297 0.0000 -0.1222
1.0472 0.0000 -0.1222
1.0647 0.0000 -0.1222
1.0821 0.0000 -0.1222
1.0996 0.0000 -0.1222
1.1170 0.0000 -0.1222
1.1345 0.0000 -0.1222
1.1519 0.0000 -0.1222
1.1694 0.0000 -0.1222
1.1868 0.0000 -0.1222
1.2043 0.0000 -0.1222
1.2217 0.0000 -0.1222
0.0000 0.0000 -0.1047
0.0175 0.0000 -0.1047
0.0349 0.0000 -0.1047
0.0524 0.0000 -0.1047
0.0698 0.0000 -0.1047
0.0873 0.0000 -0.1047
0.1047 0.0000 -0.1047
0.1222 0.0000 -0.1047
0.1396 0.0000 -0.1047
0.1571 0.0000 -0.1047
0.1745 0.0000 -0.1047
0.1920 0.0000 -0.1047
0.2094 0.0000 -0.1047
0.2269 0.0000 -0.1047
0.2443 0.0000 -0.1047
0.2618 0.0000 -0.1047
0.2793 0.0000 -0.1047
0.2967 0.0000 -0.1047
0.3142 0.0000 -0.1047
0.3316 0.0000 -0.1047
0.3491 0.0000 -0.1047
0.3665 0.0000 -0.1047
0.3840 0.0000 -0.1047
0.4014 0.0000 -0.1047
0.4189 0.0000 -0.1047
0.4363 0.0000 -0.1047
0.4538 0.0000 -0.1047
0.4712 0.0000 -0.1047
0.4887 0.0000 -0.1047
0.5061 0.0000 -0.1047
0.5236 0.0000 -0.1047
0.5411 0.0000 -0.1047
0.5585 0.0000 -0.1047
0.5760 0.0000 -0.1047
0.5934 0.0000 -0.1047
0.6109 0.0000 -0.1047
0.6283 0.0000 -0.1047
0.6458 0.0000 -0.1047
0.6632 0.0000 -0.1047
0.6807 0.0000 -0.1047
0.6981 0.0000 -0.1047
0.7156 0.0000 -0.1047
0.7330 0.0000 -0.1047
0.7505 0.0000 -0.1047
0.7679 0.0000 -0.1047
0.7854 0.0000 -0.1047
0.8029 0.0000 -0.1047
0.8203 0.0000 -0.1047
0.8378 0.0000 -0.1047
0.8552 0.0000 -0.1047
0.8727 0.0000 -0.1047
0.8901 0.0000 -0.1047
0.9076 0.0000 -0.1047
0.9250 0.0000 -0.1047
0.9425 0.0000 -0.1047
0.9599 0.0000 -0.1047
0.9774 0.0000 -0.1047
0.9948 0.0000 -0.1047
1.0123 0.0000 -0.1047
1.0297 0.0000 -0.1047
1.0472 0.0000 -0.1047
1.0647 0.0000 -0.1047
1.0821 0.0000 -0.1047
1.0996 0.0000 -0.1047
1.1170 0.0000 -0.1047
1.1345 0.0000 -0.1047
1.1519 0.0000 -0.1047
1.1694 0.0000 -0.1047
1.1868 0.0000 -0.1047
1.2043 0.0000 -0.1047
1.2217 0.0000 -0.1047
0.0000 0.0000 -0.0873
0.0175 0.0000 -0.0873
0.0349 0.0000 -0.0873
0.0524 0.0000 -0.0873
0.0698 0.0000 -0.0873
0.0873 0.0000 -0.0873
0.1047 0.0000 -0.0873
0.1222 0.0000 -0.0873
0.1396 0.0000 -0.0873
0.1571 0.0000 -0.0873
0.1745 0.0000 -0.0873
0.1920 0.0000 -0.0873
0.2094 0.0000 -0.0873
0.2269 0.0000 -0.0873
0.2443 0.0000 -0.0873
0.2618 0.0000 -0.0873
0.2793 0.0000 -0.0873
0.2967 0.0000 -0.0873
0.3142 0.0000 -0.0873
0.3316 0.0000 -0.0873
0.3491 0.0000 -0.0873
0.3665 0.0000 -0.0873
0.3840 0.0000 -0.0873
0.4014 0.0000 -0.0873
0.4189 0.0000 -0.0873
0.4363 0.0000 -0.0873
0.4538 0.0000 -0.0873
0.4712 0.0000 -0.0873
0.4887 0.0000 -0.0873
0.5061 0.0000 -0.0873
0.5236 0.0000 -0.0873
0.5411 0.0000 -0.0873
0.5585 0.0000 -0.0873
0.5760 0.0000 -0.0873
0.5934 0.0000 -0.0873
0.6109 0.0000 -0.0873
0.6283 0.0000 -0.0873
0.6458 0.0000 -0.0873
0.6632 0.0000 -0.0873
0.6807 0.0000 -0.0873
0.6981 0.0000 -0.0873
0.7156 0.0000 -0.0873
0.7330 0.0000 -0.0873
0.7505 0.0000 -0.0873
0.7679 0.0000 -0.0873
0.7854 0.0000 -0.0873
0.8029 0.0000 -0.0873
0.8203 0.0000 -0.0873
0.8378 0.0000 -0.0873
0.8552 0.0000 -0.0873
0.8727 0.0000 -0.0873
0.8901 0.0000 -0.0873
0.9076 0.0000 -0.0873
0.9250 0.0000 -0.0873
0.9425 0.0000 -0.0873
0.9599 0.0000 -0.0873
0.9774 0.0000 -0.0873
0.9948 0.0000 -0.0873
1.0123 0.0000 -0.0873
1.0297 0.0000 -0.0873
1.0472 0.0000 -0.0873
1.0647 0.0000 -0.0873
1.0821 0.0000 -0.0873
1.0996 0.0000 -0.0873
1.1170 0.0000 -0.0873
1.1345 0.0000 -0.0873
1.1519 0.0000 -0.0873
1.1694 0.0000 -0.0873
1.1868 0.0000 -0.0873
1.2043 0.0000 -0.0873
1.2217 0.0000 -0.0873
0.0000 0.0000 -0.0698
0.0175 0.0000 -0.0698
0.0349 0.0000 -0.0698
0.0524 0.0000 -0.0698
0.0698 0.0000 -0.0698
0.0873 0.0000 -0.0698
0.1047 0.0000 -0.0698
0.1222 0.0000 -0.0698
0.1396 0.0000 -0.0698
0.1571 0.0000 -0.0698
0.1745 0.0000 -0.0698
0.1920 0.0000 -0.0698
0.2094 0.0000 -0.0698
0.2269 0.0000 -0.0698
0.2443 0.0000 -0.0698
0.2618 0.0000 -0.0698
0.2793 0.0000 -0.0698
0.2967 0.0000 -0.0698
0.3142 0.0000 -0.0698
0.3316 0.0000 -0.0698
0.3491 0.0000 -0.0698
0.3665 0.0000 -0.0698
0.3840 0.0000 -0.0698
0.4014 0.0000 -0.0698
0.4189 0.0000 -0.0698
0.4363 0.0000 -0.0698
0.4538 0.0000 -0.0698
0.4712 0.0000 -0.0698
0.4887 0.0000 -0.0698
0.5061 0.0000 -0.0698
0.5236 0.0000 -0.0698
0.5411 0.0000 -0.0698
0.5585 0.0000 -0.0698
0.5760 0.0000 -0.0698
0.5934 0.0000 -0.0698
0.6109 0.0000 -0.0698
0.6283 0.0000 -0.0698
0.6458 0.0000 -0.0698
0.6632 0.0000 -0.0698
0.6807 0.0000 -0.0698
0.6981 0.0000 -0.0698
0.7156 0.0000 -0.0698
0.7330 0.0000 -0.0698
0.7505 0.0000 -0.0698
0.7679 0.0000 -0.0698
0.7854 0.0000 -0.0698
0.8029 0.0000 -0.0698
0.8203 0.0000 -0.0698
0.8378 0.0000 -0.0698
0.8552 0.0000 -0.0698
0.8727 0.0000 -0.0698
0.8901 0.0000 -0.0698
0.9076 0.0000 -0.0698
0.9250 0.0000 -0.0698
0.9425 0.0000 -0.0698
0.9599 0.0000 -0.0698
0.9774 0.0000 -0.0698
0.9948 0.0000 -0.0698
1.0123 0.0000 -0.0698
1.0297 0.0000 -0.0698
1.0472 0.0000 -0.0698
1.0647 0.0000 -0.0698
1.0821 0.0000 -0.0698
1.0996 0.0000 -0.0698
1.1170 0.0000 -0.0698
1.1345 0.0000 -0.0698
1.1519 0.0000 -0.0698
1.1694 0.0000 -0.0698
1.1868 0.0000 -0.0698
1.2043 0.0000 -0.0698
1.2217 0.0000 -0.0698
0.0000 0.0000 -0.0524
0.0175 0.0000 -0.0524
0.0349 0.0000 -0.0524
0.0524 0.0000 -0.0524
0.0698 0.0000 -0.0524
0.0873 0.0000 -0.0524
0.1047 0.0000 -0.0524
0.1222 0.0000 -0.0524
0.1396 0.0000 -0.0524
0.1571 0.0000 -0.0524
0.1745 0.0000 -0.0524
0.1920 0.0000 -0.0524
0.2094 0.0000 -0.0524
0.2269 0.0000 -0.0524
0.2443 0.0000 -0.0524
0.2618 0.0000 -0.0524
0.2793 0.0000 -0.0524
0.2967 0.0000 -0.0524
0.3142 0.0000 -0.0524
0.3316 0.0000 -0.0524
0.3491 0.0000 -0.0524
0.3665 0.0000 -0.0524
0.3840 0.0000 -0.0524
0.4014 0.0000 -0.0524
0.4189 0.0000 -0.0524
0.4363 0.0000 -0.0524
0.4538 0.0000 -0.0524
0.4712 0.0000 -0.0524
0.4887 0.0000 -0.0524
0.5061 0.0000 -0.0524
0.5236 0.0000 -0.0524
0.5411 0.0000 -0.0524
0.5585 0.0000 -0.0524
0.5760 0.0000 -0.0524
0.5934 0.0000 -0.0524
0.6109 0.0000 -0.0524
0.6283 0.0000 -0.0524
0.6458 0.0000 -0.0524
0.6632 0.0000 -0.0524
0.6807 0.0000 -0.0524
0.6981 0.0000 -0.0524
0.7156 0.0000 -0.0524
0.7330 0.0000 -0.0524
0.7505 0.0000 -0.0524
0.7679 0.0000 -0.0524
0.7854 0.0000 -0.0524
0.8029 0.0000 -0.0524
0.8203 0.0000 -0.0524
0.8378 0.0000 -0.0524
0.8552 0.0000 -0.0524
0.8727 0.0000 -0.0524
0.8901 0.0000 -0.0524
0.9076 0.0000 -0.0524
0.9250 0.0000 -0.0524
0.9425 0.0000 -0.0524
0.9599 0.0000 -0.0524
0.9774 0.0000 -0.0524
0.9948 0.0000 -0.0524
1.0123 0.0000 -0.0524
1.0297 0.0000 -0.0524
1.0472 0.0000 -0.0524
1.0647 0.0000 -0.0524
1.0821 0.0000 -0.0524
1.0996 0.0000 -0.0524
1.1170 0.0000 -0.0524
1.1345 0.0000 -0.0524
1.1519 0.0000 -0.0524
1.1694 0.0000 -0.0524
1.1868 0.0000 -0.0524
1.2043 0.0000 -0.0524
1.2217 0.0000 -0.0524
0.0000 0.0000 -0.0349
0.0175 0.0000 -0.0349
0.0349 0.0000 -0.0349
0.0524 0.0000 -0.0349
0.0698 0.0000 -0.0349
0.0873 0.0000 -0.0349
0.1047 0.0000 -0.0349
0.1222 0.0000 -0.0349
0.1396 0.0000 -0.0349
0.1571 0.0000 -0.0349
0.1745 0.0000 -0.0349
0.1920 0.0000 -0.0349
0.2094 0.0000 -0.0349
0.2269 0.0000 -0.0349
0.2443 0.0000 -0.0349
0.2618 0.0000 -0.0349
0.2793 0.0000 -0.0349
0.2967 0.0000 -0.0349
0.3142 0.0000 -0.0349
0.3316 0.0000 -0.0349
0.3491 0.0000 -0.0349
0.3665 0.0000 -0.0349
0.3840 0.0000 -0.0349
0.4014 0.0000 -0.0349
0.4189 0.0000 -0.0349
0.4363 0.0000 -0.0349
0.4538 0.0000 -0.0349
0.4712 0.0000 -0.0349
0.4887 0.0000 -0.0349
0.5061 0.0000 -0.0349
0.5236 0.0000 -0.0349
0.5411 0.0000 -0.0349
0.5585 0.0000 -0.0349
0.5760 0.0000 -0.0349
0.5934 0.0000 -0.0349
0.6109 0.0000 -0.0349
0.6283 0.0000 -0.0349
0.6458 0.0000 -0.0349
0.6632 0.0000 -0.0349
0.6807 0.0000 -0.0349
0.6981 0.0000 -0.0349
0.7156 0.0000 -0.0349
0.7330 0.0000 -0.0349
0.7505 0.0000 -0.0349
0.7679 0.0000 -0.0349
0.7854 0.0000 -0.0349
0.8029 0.0000 -0.0349
0.8203 0.0000 -0.0349
0.8378 0.0000 -0.0349
0.8552 0.0000 -0.0349
0.8727 0.0000 -0.0349
0.8901 0.0000 -0.0349
0.9076 0.0000 -0.0349
0.9250 0.0000 -0.0349
0.9425 0.0000 -0.0349
0.9599 0.0000 -0.0349
0.9774 0.0000 -0.0349
0.9948 0.0000 -0.0349
1.0123 0.0000 -0.0349
1.0297 0.0000 -0.0349
1.0472 0.0000 -0.0349
1.0647 0.0000 -0.0349
1.0821 0.0000 -0.0349
1.0996 0.0000 -0.0349
1.1170 0.0000 -0.0349
1.1345 0.0000 -0.0349
1.1519 0.0000 -0.0349
1.1694 0.0000 -0.0349
1.1868 0.0000 -0.0349
1.2043 0.0000 -0.0349
1.2217 0.0000 -0.0349
0.0000 0.0000 -0.0175
0.0175 0.0000 -0.0175
0.0349 0.0000 -0.0175
0.0524 0.0000 -0.0175
0.0698 0.0000 -0.0175
0.0873 0.0000 -0.0175
0.1047 0.0000 -0.0175
0.1222 0.0000 -0.0175
0.1396 0.0000 -0.0175
0.1571 0.0000 -0.0175
0.1745 0.0000 -0.0175
0.1920 0.0000 -0.0175
0.2094 0.0000 -0.0175
0.2269 0.0000 -0.0175
0.2443 0.0000 -0.0175
0.2618 0.0000 -0.0175
0.2793 0.0000 -0.0175
0.2967 0.0000 -0.0175
0.3142 0.0000 -0.0175
0.3316 0.0000 -0.0175
0.3491 0.0000 -0.0175
0.3665 0.0000 -0.0175
0.3840 0.0000 -0.0175
0.4014 0.0000 -0.0175
0.4189 0.0000 -0.0175
0.4363 0.0000 -0.0175
0.4538 0.0000 -0.0175
0.4712 0.0000 -0.0175
0.4887 0.0000 -0.0175
0.5061 0.0000 -0.0175
0.5236 0.0000 -0.0175
0.5411 0.0000 -0.0175
0.5585 0.0000 -0.0175
0.5760 0.0000 -0.0175
0.5934 0.0000 -0.0175
0.6109 0.0000 -0.0175
0.6283 0.0000 -0.0175
0.6458 0.0000 -0.0175
0.6632 0.0000 -0.0175
0.6807 0.0000 -0.0175
0.6981 0.0000 -0.0175
0.7156 0.0000 -0.0175
0.7330 0.0000 -0.0175
0.7505 0.0000 -0.0175
0.7679 0.0000 -0.0175
0.7854 0.0000 -0.0175
0.8029 0.0000 -0.0175
0.8203 0.0000 -0.0175
0.8378 0.0000 -0.0175
0.8552 0.0000 -0.0175
0.8727 0.0000 -0.0175
0.8901 0.0000 -0.0175
0.9076 0.0000 -0.0175
0.9250 0.0000 -0.0175
0.9425 0.0000 -0.0175
0.9599 0.0000 -0.0175
0.9774 0.0000 -0.0175
0.9948 0.0000 -0.0175
1.0123 0.0000 -0.0175
1.0297 0.0000 -0.0175
1.0472 0.0000 -0.0175
1.0647 0.0000 -0.0175
1.0821 0.0000 -0.0175
1.0996 0.0000 -0.0175
1.1170 0.0000 -0.0175
1.1345 0.0000 -0.0175
1.1519 0.0000 -0.0175
1.1694 0.0000 -0.0175
1.1868 0.0000 -0.0175
1.2043 0.0000 -0.0175
1.2217 0.0000 -0.0175
0.0000 0.0000 0.0000
0.0175 0.0000 0.0000
0.0349 0.0000 0.0000
0.0524 0.0000 0.0000
0.0698 0.0000 0.0000
0.0873 0.0000 0.0000
0.1047 0.0000 0.0000
0.1222 0.0000 0.0000
0.1396 0.0000 0.0000
0.1571 0.0000 0.0000
0.1745 0.0000 0.0000
0.1920 0.0000 0.0000
0.2094 0.0000 0.0000
0.2269 0.0000 0.0000
0.2443 0.0000 0.0000
0.2618 0.0000 0.0000
0.2793 0.0000 0.0000
0.2967 0.0000 0.0000
0.3142 0.0000 0.0000
0.3316 0.0000 0.0000
0.3491 0.0000 0.0000
0.3665 0.0000 0.0000
0.3840 0.0000 0.0000
0.4014 0.0000 0.0000
0.4189 0.0000 0.0000
0.4363 0.0000 0.0000
0.4538 0.0000 0.0000
0.4712 0.0000 0.0000
0.4887 0.0000 0.0000
0.5061 0.0000 0.0000
0.5236 0.0000 0.0000
0.5411 0.0000 0.0000
0.5585 0.0000 0.0000
0.5760 0.0000 0.0000
0.5934 0.0000 0.0000
0.6109 0.0000 0.0000
0.6283 0.0000 0.0000
0.6458 0.0000 0.0000
0.6632 0.0000 0.0000
0.6807 0.0000 0.0000
0.6981 0.0000 0.0000
0.7156 0.0000 0.0000
0.7330 0.0000 0.0000
0.7505 0.0000 0.0000
0.7679 0.0000 0.0000
0.7854 0.0000 0.0000
0.8029 0.0000 0.0000
0.8203 0.0000 0.0000
0.8378 0.0000 0.0000
0.8552 0.0000 0.0000
0.8727 0.0000 0.0000
0.8901 0.0000 0.0000
0.9076 0.0000 0.0000
0.9250 0.0000 0.0000
0.9425 0.0000 0.0000
0.9599 0.0000 0.0000
0.9774 0.0000 0.0000
0.9948 0.0000 0.0000
1.0123 0.0000 0.0000
1.0297 0.0000 0.0000
1.0472 0.0000 0.0000
1.0647 0.0000 0.0000
1.0821 0.0000 0.0000
1.0996 0.0000 0.0000
1.1170 0.0000 0.0000
1.1345 0.0000 0.0000
1.1519 0.0000 0.0000
1.1694 0.0000 0.0000
1.1868 0.0000 0.0000
1.2043 0.0000 0.0000
1.2217 0.0000 0.0000
0.0000 0.0000 0.0175
0.0175 0.0000 0.0175
0.0349 0.0000 0.0175
0.0524 0.0000 0.0175
0.0698 0.0000 0.0175
0.0873 0.0000 0.0175
0.1047 0.0000 0.0175
0.1222 0.0000 0.0175
0.1396 0.0000 0.0175
0.1571 0.0000 0.0175
0.1745 0.0000 0.0175
0.1920 0.0000 0.0175
0.2094 0.0000 0.0175
0.2269 0.0000 0.0175
0.2443 0.0000 0.0175
0.2618 0.0000 0.0175
0.2793 0.0000 0.0175
0.2967 0.0000 0.0175
0.3142 0.0000 0.0175
0.3316 0.0000 0.0175
0.3491 0.0000 0.0175
0.3665 0.0000 0.0175
0.3840 0.0000 0.0175
0.4014 0.0000 0.0175
0.4189 0.0000 0.0175
0.4363 0.0000 0.0175
0.4538 0.0000 0.0175
0.4712 0.0000 0.0175
0.4887 0.0000 0.0175
0.5061 0.0000 0.0175
0.5236 0.0000 0.0175
0.5411 0.0000 0.0175
0.5585 0.0000 0.0175
0.5760 0.0000 0.0175
0.5934 0.0000 0.0175
0.6109 0.0000 0.0175
0.6283 0.0000 0.0175
0.6458 0.0000 0.0175
0.6632 0.0000 0.0175
0.6807 0.0000 0.0175
0.6981 0.0000 0.0175
0.7156 0.0000 0.0175
0.7330 0.0000 0.0175
0.7505 0.0000 0.0175
0.7679 0.0000 0.0175
0.7854 0.0000 0.0175
0.8029 0.0000 0.0175
0.8203 0.0000 0.0175
0.8378 0.0000 0.0175
0.8552 0.0000 0.0175
0.8727 0.0000 0.0175
0.8901 0.0000 0.0175
0.9076 0.0000 0.0175
0.9250 0.0000 0.0175
0.9425 0.0000 0.0175
0.9599 0.0000 0.0175
0.9774 0.0000 0.0175
0.9948 0.0000 0.0175
1.0123 0.0000 0.0175
1.0297 0.0000 0.0175
1.0472 0.0000 0.0175
1.0647 0.0000 0.0175
1.0821 0.0000 0.0175
1.0996 0.0000 0.0175
1.1170 0.0000 0.0175
1.1345 0.0000 0.0175
1.1519 0.0000 0.0175
1.1694 0.0000 0.0175
1.1868 0.0000 0.0175
1.2043 0.0000 0.0175
1.2217 0.0000 0.0175
0.0000 0.0000 0.0349
0.0175 0.0000 0.0349
0.0349 0.0000 0.0349
0.0524 0.0000 0.0349
0.0698 0.0000 0.0349
0.0873 0.0000 0.0349
0.1047 0.0000 0.0349
0.1222 0.0000 0.0349
0.1396 0.0000 0.0349
0.1571 0.0000 0.0349
0.1745 0.0000 0.0349
0.1920 0.0000 0.0349
0.2094 0.0000 0.0349
0.2269 0.0000 0.0349
0.2443 0.0000 0.0349
0.2618 0.0000 0.0349
0.2793 0.0000 0.0349
0.2967 0.0000 0.0349
0.3142 0.0000 0.0349
0.3316 0.0000 0.0349
0.3491 0.0000 0.0349
0.3665 0.0000 0.0349
0.3840 0.0000 0.0349
0.4014 0.0000 0.0349
0.4189 0.0000 0.0349
0.4363 0.0000 0.0349
0.4538 0.0000 0.0349
0.4712 0.0000 0.0349
0.4887 0.0000 0.0349
0.5061 0.0000 0.0349
0.5236 0.0000 0.0349
0.5411 0.0000 0.0349
0.5585 0.0000 0.0349
0.5760 0.0000 0.0349
0.5934 0.0000 0.0349
0.6109 0.0000 0.0349
0.6283 0.0000 0.0349
0.6458 0.0000 0.0349
0.6632 0.0000 0.0349
0.6807 0.0000 0.0349
0.6981 0.0000 0.0349
0.7156 0.0000 0.0349
0.7330 0.0000 0.0349
0.7505 0.0000 0.0349
0.7679 0.0000 0.0349
0.7854 0.0000 0.0349
0.8029 0.0000 0.0349
0.8203 0.0000 0.0349
0.8378 0.0000 0.0349
0.8552 0.0000 0.0349
0.8727 0.0000 0.0349
0.8901 0.0000 0.0349
0.9076 0.0000 0.0349
0.9250 0.0000 0.0349
0.9425 0.0000 0.0349
0.9599 0.0000 0.0349
0.9774 0.0000 0.0349
0.9948 0.0000 0.0349
1.0123 0.0000 0.0349
1.0297 0.0000 0.0349
1.0472 0.0000 0.0349
1.0647 0.0000 0.0349
1.0821 0.0000 0.0349
1.0996 0.0000 0.0349
1.1170 0.0000 0.0349
1.1345 0.0000 0.0349
1.1519 0.0000 0.0349
1.1694 0.0000 0.0349
1.1868 0.0000 0.0349
1.2043 0.0000 0.0349
1.2217 0.0000 0.0349
0.0000 0.0000 0.0524
0.0175 0.0000 0.0524
0.0349 0.0000 0.0524
0.0524 0.0000 0.0524
0.0698 0.0000 0.0524
0.0873 0.0000 0.0524
0.1047 0.0000 0.0524
0.1222 0.0000 0.0524
0.1396 0.0000 0.0524
0.1571 0.0000 0.0524
0.1745 0.0000 0.0524
0.1920 0.0000 0.0524
0.2094 0.0000 0.0524
0.2269 0.0000 0.0524
0.2443 0.0000 0.0524
0.2618 0.0000 0.0524
0.2793 0.0000 0.0524
0.2967 0.0000 0.0524
0.3142 0.0000 0.0524
0.3316 0.0000 0.0524
0.3491 0.0000 0.0524
0.3665 0.0000 0.0524
0.3840 0.0000 0.0524
0.4014 0.0000 0.0524
0.4189 0.0000 0.0524
0.4363 0.0000 0.0524
0.4538 0.0000 0.0524
0.4712 0.0000 0.0524
0.4887 0.0000 0.0524
0.5061 0.0000 0.0524
0.5236 0.0000 0.0524
0.5411 0.0000 0.0524
0.5585 0.0000 0.0524
0.5760 0.0000 0.0524
0.5934 0.0000 0.0524
0.6109 0.0000 0.0524
0.6283 0.0000 0.0524
0.6458 0.0000 0.0524
0.6632 0.0000 0.0524
0.6807 0.0000 0.0524
0.6981 0.0000 0.0524
0.7156 0.0000 0.0524
0.7330 0.0000 0.0524
0.7505 0.0000 0.0524
0.7679 0.0000 0.0524
0.7854 0.0000 0.0524
0.8029 0.0000 0.0524
0.8203 0.0000 0.0524
0.8378 0.0000 0.0524
0.8552 0.0000 0.0524
0.8727 0.0000 0.0524
0.8901 0.0000 0.0524
0.9076 0.0000 0.0524
0.9250 0.0000 0.0524
0.9425 0.0000 0.0524
0.9599 0.0000 0.0524
0.9774 0.0000 0.0524
0.9948 0.0000 0.0524
1.0123 0.0000 0.0524
1.0297 0.0000 0.0524
1.0472 0.0000 0.0524
1.0647 0.0000 0.0524
1.0821 0.0000 0.0524
1.0996 0.0000 0.0524
1.1170 0.0000 0.0524
1.1345 0.0000 0.0524
1.1519 0.0000 0.0524
1.1694 0.0000 0.0524
1.1868 0.0000 0.0524
1.2043 0.0000 0.0524
1.2217 0.0000 0.0524
0.0000 0.0000 0.0698
0.0175 0.0000 0.0698
0.0349 0.0000 0.0698
0.0524 0.0000 0.0698
0.0698 0.0000 0.0698
0.0873 0.0000 0.0698
0.1047 0.0000 0.0698
0.1222 0.0000 0.0698
0.1396 0.0000 0.0698
0.1571 0.0000 0.0698
0.1745 0.0000 0.0698
0.1920 0.0000 0.0698
0.2094 0.0000 0.0698
0.2269 0.0000 0.0698
0.2443 0.0000 0.0698
0.2618 0.0000 0.0698
0.2793 0.0000 0.0698
0.2967 0.0000 0.0698
0.3142 0.0000 0.0698
0.3316 0.0000 0.0698
0.3491 0.0000 0.0698
0.3665 0.0000 0.0698
0.3840 0.0000 0.0698
0.4014 0.0000 0.0698
0.4189 0.0000 0.0698
0.4363 0.0000 0.0698
0.4538 0.0000 0.0698
0.4712 0.0000 0.0698
0.4887 0.0000 0.0698
0.5061 0.0000 0.0698
0.5236 0.0000 0.0698
0.5411 0.0000 0.0698
0.5585 0.0000 0.0698
0.5760 0.0000 0.0698
0.5934 0.0000 0.0698
0.6109 0.0000 0.0698
0.6283 0.0000 0.0698
0.6458 0.0000 0.0698
0.6632 0.0000 0.0698
0.6807 0.0000 0.0698
0.6981 0.0000 0.0698
0.7156 0.0000 0.0698
0.7330 0.0000 0.0698
0.7505 0.0000 0.0698
0.7679 0.0000 0.0698
0.7854 0.0000 0.0698
0.8029 0.0000 0.0698
0.8203 0.0000 0.0698
0.8378 0.0000 0.0698
0.8552 0.0000 0.0698
0.8727 0.0000 0.0698
0.8901 0.0000 0.0698
0.9076 0.0000 0.0698
0.9250 0.0000 0.0698
0.9425 0.0000 0.0698
0.9599 0.0000 0.0698
0.9774 0.0000 0.0698
0.9948 0.0000 0.0698
1.0123 0.0000 0.0698
1.0297 0.0000 0.0698
1.0472 0.0000 0.0698
1.0647 0.0000 0.0698
1.0821 0.0000 0.0698
1.0996 0.0000 0.0698
1.1170 0.0000 0.0698
1.1345 0.0000 0.0698
1.1519 0.0000 0.0698
1.1694 0.0000 0.0698
1.1868 0.0000 0.0698
1.2043 0.0000 0.0698
1.2217 0.0000 0.0698
0.0000 0.0000 0.0873
0.0175 0.0000 0.0873
0.0349 0.0000 0.0873
0.0524 0.0000 0.0873
0.0698 0.0000 0.0873
0.0873 0.0000 0.0873
0.1047 0.0000 0.0873
0.1222 0.0000 0.0873
0.1396 0.0000 0.0873
0.1571 0.0000 0.0873
0.1745 0.0000 0.0873
0.1920 0.0000 0.0873
0.2094 0.0000 0.0873
0.2269 0.0000 0.0873
0.2443 0.0000 0.0873
0.2618 0.0000 0.0873
0.2793 0.0000 0.0873
0.2967 0.0000 0.0873
0.3142 0.0000 0.0873
0.3316 0.0000 0.0873
0.3491 0.0000 0.0873
0.3665 0.0000 0.0873
0.3840 0.0000 0.0873
0.4014 0.0000 0.0873
0.4189 0.0000 0.0873
0.4363 0.0000 0.0873
0.4538 0.0000 0.0873
0.4712 0.0000 0.0873
0.4887 0.0000 0.0873
0.5061 0.0000 0.0873
0.5236 0.0000 0.0873
0.5411 0.0000 0.0873
0.5585 0.0000 0.0873
0.5760 0.0000 0.0873
0.5934 0.0000 0.0873
0.6109 0.0000 0.0873
0.6283 0.0000 0.0873
0.6458 0.0000 0.0873
0.6632 0.0000 0.0873
0.6807 0.0000 0.0873
0.6981 0.0000 0.0873
0.7156 0.0000 0.0873
0.7330 0.0000 0.0873
0.7505 0.0000 0.0873
0.7679 0.0000 0.0873
0.7854 0.0000 0.0873
0.8029 0.0000 0.0873
0.8203 0.0000 0.0873
0.8378 0.0000 0.0873
0.8552 0.0000 0.0873
0.8727 0.0000 0.0873
0.8901 0.0000 0.0873
0.9076 0.0000 0.0873
0.9250 0.0000 0.0873
0.9425 0.0000 0.0873
0.9599 0.0000 0.0873
0.9774 0.0000 0.0873
0.9948 0.0000 0.0873
1.0123 0.0000 0.0873
1.0297 0.0000 0.0873
1.0472 0.0000 0.0873
1.0647 0.0000 0.0873
1.0821 0.0000 0.0873
1.0996 0.0000 0.0873
1.1170 0.0000 0.0873
1.1345 0.0000 0.0873
1.1519 0.0000 0.0873
1.1694 0.0000 0.0873
1.1868 0.0000 0.0873
1.2043 0.0000 0.0873
1.2217 0.0000 0.0873
0.0000 0.0000 0.1047
0.0175 0.0000 0.1047
0.0349 0.0000 0.1047
0.0524 0.0000 0.1047
0.0698 0.0000 0.1047
0.0873 0.0000 0.1047
0.1047 0.0000 0.1047
0.1222 0.0000 0.1047
0.1396 0.0000 0.1047
0.1571 0.0000 0.1047
0.1745 0.0000 0.1047
0.1920 0.0000 0.1047
0.2094 0.0000 0.1047
0.2269 0.0000 0.1047
0.2443 0.0000 0.1047
0.2618 0.0000 0.1047
0.2793 0.0000 0.1047
0.2967 0.0000 0.1047
0.3142 0.0000 0.1047
0.3316 0.0000 0.1047
0.3491 0.0000 0.1047
0.3665 0.0000 0.1047
0.3840 0.0000 0.1047
0.4014 0.0000 0.1047
0.4189 0.0000 0.1047
0.4363 0.0000 0.1047
0.4538 0.0000 0.1047
0.4712 0.0000 0.1047
0.4887 0.0000 0.1047
0.5061 0.0000 0.1047
0.5236 0.0000 0.1047
0.5411 0.0000 0.1047
0.5585 0.0000 0.1047
0.5760 0.0000 0.1047
0.5934 0.0000 0.1047
0.6109 0.0000 0.1047
0.6283 0.0000 0.1047
0.6458 0.0000 0.1047
0.6632 0.0000 0.1047
0.6807 0.0000 0.1047
0.6981 0.0000 0.1047
0.7156 0.0000 0.1047
0.7330 0.0000 0.1047
0.7505 0.0000 0.1047
0.7679 0.0000 0.1047
0.7854 0.0000 0.1047
0.8029 0.0000 0.1047
0.8203 0.0000 0.1047
0.8378 0.0000 0.1047
0.8552 0.0000 0.1047
0.8727 0.0000 0.1047
0.8901 0.0000 0.1047
0.9076 0.0000 0.1047
0.9250 0.0000 0.1047
0.9425 0.0000 0.1047
0.9599 0.0000 0.1047
0.9774 0.0000 0.1047
0.9948 0.0000 0.1047
1.0123 0.0000 0.1047
1.0297 0.0000 0.1047
1.0472 0.0000 0.1047
1.0647 0.0000 0.1047
1.0821 0.0000 0.1047
1.0996 0.0000 0.1047
1.1170 0.0000 0.1047
1.1345 0.0000 0.1047
1.1519 0.0000 0.1047
1.1694 0.0000 0.1047
1.1868 0.0000 0.1047
1.2043 0.0000 0.1047
1.2217 0.0000 0.1047
0.0000 0.0000 0.1222
0.0175 0.0000 0.1222
0.0349 0.0000 0.1222
0.0524 0.0000 0.1222
0.0698 0.0000 0.1222
0.0873 0.0000 0.1222
0.1047 0.0000 0.1222
0.1222 0.0000 0.1222
0.1396 0.0000 0.1222
0.1571 0.0000 0.1222
0.1745 0.0000 0.1222
0.1920 0.0000 0.1222
0.2094 0.0000 0.1222
0.2269 0.0000 0.1222
0.2443 0.0000 0.1222
0.2618 0.0000 0.1222
0.2793 0.0000 0.1222
0.2967 0.0000 0.1222
0.3142 0.0000 0.1222
0.3316 0.0000 0.1222
0.3491 0.0000 0.1222
0.3665 0.0000 0.1222
0.3840 0.0000 0.1222
0.4014 0.0000 0.1222
0.4189 0.0000 0.1222
0.4363 0.0000 0.1222
0.4538 0.0000 0.1222
0.4712 0.0000 0.1222
0.4887 0.0000 0.1222
0.5061 0.0000 0.1222
0.5236 0.0000 0.1222
0.5411 0.0000 0.1222
0.5585 0.0000 0.1222
0.5760 0.0000 0.1222
0.5934 0.0000 0.1222
0.6109 0.0000 0.1222
0.6283 0.0000 0.1222
0.6458 0.0000 0.1222
0.6632 0.0000 0.1222
0.6807 0.0000 0.1222
0.6981 0.0000 0.1222
0.7156 0.0000 0.1222
0.7330 0.0000 0.1222
0.7505 0.0000 0.1222
0.7679 0.0000 0.1222
0.7854 0.0000 0.1222
0.8029 0.0000 0.1222
0.8203 0.0000 0.1222
0.8378 0.0000 0.1222
0.8552 0.0000 0.1222
0.8727 0.0000 0.1222
0.8901 0.0000 0.1222
0.9076 0.0000 0.1222
0.9250 0.0000 0.1222
0.9425 0.0000 0.1222
0.9599 0.0000 0.1222
0.9774 0.0000 0.1222
0.9948 0.0000 0.1222
1.0123 0.0000 0.1222
1.0297 0.0000 0.1222
1.0472 0.0000 0.1222
1.0647 0.0000 0.1222
1.0821 0.0000 0.1222
1.0996 0.0000 0.1222
1.1170 0.0000 0.1222
1.1345 0.0000 0.1222
1.1519 0.0000 0.1222
1.1694 0.0000 0.1222
1.1868 0.0000 0.1222
1.2043 0.0000 0.1222
1.2217 0.0000 0.1222
0.0000 0.0000 0.1396
0.0175 0.0000 0.1396
0.0349 0.0000 0.1396
0.0524 0.0000 0.1396
0.0698 0.0000 0.1396
0.0873 0.0000 0.1396
0.1047 0.0000 0.1396
0.1222 0.0000 0.1396
0.1396 0.0000 0.1396
0.1571 0.0000 0.1396
0.1745 0.0000 0.1396
0.1920 0.0000 0.1396
0.2094 0.0000 0.1396
0.2269 0.0000 0.1396
0.2443 0.0000 0.1396
0.2618 0.0000 0.1396
0.2793 0.0000 0.1396
0.2967 0.0000 0.1396
0.3142 0.0000 0.1396
0.3316 0.0000 0.1396
0.3491 0.0000 0.1396
0.3665 0.0000 0.1396
0.3840 0.0000 0.1396
0.4014 0.0000 0.1396
0.4189 0.0000 0.1396
0.4363 0.0000 0.1396
0.4538 0.0000 0.1396
0.4712 0.0000 0.1396
0.4887 0.0000 0.1396
0.5061 0.0000 0.1396
0.5236 0.0000 0.1396
0.5411 0.0000 0.1396
0.5585 0.0000 0.1396
0.5760 0.0000 0.1396
0.5934 0.0000 0.1396
0.6109 0.0000 0.1396
0.6283 0.0000 0.1396
0.6458 0.0000 0.1396
0.6632 0.0000 0.1396
0.6807 0.0000 0.1396
0.6981 0.0000 0.1396
0.7156 0.0000 0.1396
0.7330 0.0000 0.1396
0.7505 0.0000 0.1396
0.7679 0.0000 0.1396
0.7854 0.0000 0.1396
0.8029 0.0000 0.1396
0.8203 0.0000 0.1396
0.8378 0.0000 0.1396
0.8552 0.0000 0.1396
0.8727 0.0000 0.1396
0.8901 0.0000 0.1396
0.9076 0.0000 0.1396
0.9250 0.0000 0.1396
0.9425 0.0000 0.1396
0.9599 0.0000 0.1396
0.9774 0.0000 0.1396
0.9948 0.0000 0.1396
1.0123 0.0000 0.1396
1.0297 0.0000 0.1396
1.0472 0.0000 0.1396
1.0647 0.0000 0.1396
1.0821 0.0000 0.1396
1.0996 0.0000 0.1396
1.1170 0.0000 0.1396
1.1345 0.0000 0.1396
1.1519 0.0000 0.1396
1.1694 0.0000 0.1396
1.1868 0.0000 0.1396
1.2043 0.0000 0.1396
1.2217 0.0000 0.1396
0.0000 0.0000 0.1571
0.0175 0.0000 0.1571
0.0349 0.0000 0.1571
0.0524 0.0000 0.1571
0.0698 0.0000 0.1571
0.0873 0.0000 0.1571
0.1047 0.0000 0.1571
0.1222 0.0000 0.1571
0.1396 0.0000 0.1571
0.1571 0.0000 0.1571
0.1745 0.0000 0.1571
0.1920 0.0000 0.1571
0.2094 0.0000 0.1571
0.2269 0.0000 0.1571
0.2443 0.0000 0.1571
0.2618 0.0000 0.1571
0.2793 0.0000 0.1571
0.2967 0.0000 0.1571
0.3142 0.0000 0.1571
0.3316 0.0000 0.1571
0.3491 0.0000 0.1571
0.3665 0.0000 0.1571
0.3840 0.0000 0.1571
0.4014 0.0000 0.1571
0.4189 0.0000 0.1571
0.4363 0.0000 0.1571
0.4538 0.0000 0.1571
0.4712 0.0000 0.1571
0.4887 0.0000 0.1571
0.5061 0.0000 0.1571
0.5236 0.0000 0.1571
0.5411 0.0000 0.1571
0.5585 0.0000 0.1571
0.5760 0.0000 0.1571
0.5934 0.0000 0.1571
0.6109 0.0000 0.1571
0.6283 0.0000 0.1571
0.6458 0.0000 0.1571
0.6632 0.0000 0.1571
0.6807 0.0000 0.1571
0.6981 0.0000 0.1571
0.7156 0.0000 0.1571
0.7330 0.0000 0.1571
0.7505 0.0000 0.1571
0.7679 0.0000 0.1571
0.7854 0.0000 0.1571
0.8029 0.0000 0.1571
0.8203 0.0000 0.1571
0.8378 0.0000 0.1571
0.8552 0.0000 0.1571
0.8727 0.0000 0.1571
0.8901 0.0000 0.1571
0.9076 0.0000 0.1571
0.9250 0.0000 0.1571
0.9425 0.0000 0.1571
0.9599 0.0000 0.1571
0.9774 0.0000 0.1571
0.9948 0.0000 0.1571
1.0123 0.0000 0.1571
1.0297 0.0000 0.1571
1.0472 0.0000 0.1571
1.0647 0.0000 0.1571
1.0821 0.0000 0.1571
1.0996 0.0000 0.1571
1.1170 0.0000 0.1571
1.1345 0.0000 0.1571
1.1519 0.0000 0.1571
1.1694 0.0000 0.1571
1.1868 0.0000 0.1571
1.2043 0.0000 0.1571
1.2217 0.0000 0.1571
0.0000 0.0000 0.1745
0.0175 0.0000 0.1745
0.0349 0.0000 0.1745
0.0524 0.0000 0.1745
0.0698 0.0000 0.1745
0.0873 0.0000 0.1745
0.1047 0.0000 0.1745
0.1222 0.0000 0.1745
0.1396 0.0000 0.1745
0.1571 0.0000 0.1745
0.1745 0.0000 0.1745
0.1920 0.0000 0.1745
0.2094 0.0000 0.1745
0.2269 0.0000 0.1745
0.2443 0.0000 0.1745
0.2618 0.0000 0.1745
0.2793 0.0000 0.1745
0.2967 0.0000 0.1745
0.3142 0.0000 0.1745
0.3316 0.0000 0.1745
0.3491 0.0000 0.1745
0.3665 0.0000 0.1745
0.3840 0.0000 0.1745
0.4014 0.0000 0.1745
0.4189 0.0000 0.1745
0.4363 0.0000 0.1745
0.4538 0.0000 0.1745
0.4712 0.0000 0.1745
0.4887 0.0000 0.1745
0.5061 0.0000 0.1745
0.5236 0.0000 0.1745
0.5411 0.0000 0.1745
0.5585 0.0000 0.1745
0.5760 0.0000 0.1745
0.5934 0.0000 0.1745
0.6109 0.0000 0.1745
0.6283 0.0000 0.1745
0.6458 0.0000 0.1745
0.6632 0.0000 0.1745
0.6807 0.0000 0.1745
0.6981 0.0000 0.1745
0.7156 0.0000 0.1745
0.7330 0.0000 0.1745
0.7505 0.0000 0.1745
0.7679 0.0000 0.1745
0.7854 0.0000 0.1745
0.8029 0.0000 0.1745
0.8203 0.0000 0.1745
0.8378 0.0000 0.1745
0.8552 0.0000 0.1745
0.8727 0.0000 0.1745
0.8901 0.0000 0.1745
0.9076 0.0000 0.1745
0.9250 0.0000 0.1745
0.9425 0.0000 0.1745
0.9599 0.0000 0.1745
0.9774 0.0000 0.1745
0.9948 0.0000 0.1745
1.0123 0.0000 0.1745
1.0297 0.0000 0.1745
1.0472 0.0000 0.1745
1.0647 0.0000 0.1745
1.0821 0.0000 0.1745
1.0996 0.0000 0.1745
1.1170 0.0000 0.1745
1.1345 0.0000 0.1745
1.1519 0.0000 0.1745
1.1694 0.0000 0.1745
1.1868 0.0000 0.1745
1.2043 0.0000 0.1745
1.2217 0.0000 0.1745
0.0000 0.0000 0.1920
0.0175 0.0000 0.1920
0.0349 0.0000 0.1920
0.0524 0.0000 0.1920
0.0698 0.0000 0.1920
0.0873 0.0000 0.1920
0.1047 0.0000 0.1920
0.1222 0.0000 0.1920
0.1396 0.0000 0.1920
0.1571 0.0000 0.1920
0.1745 0.0000 0.1920
0.1920 0.0000 0.1920
0.2094 0.0000 0.1920
0.2269 0.0000 0.1920
0.2443 0.0000 0.1920
0.2618 0.0000 0.1920
0.2793 0.0000 0.1920
0.2967 0.0000 0.1920
0.3142 0.0000 0.1920
0.3316 0.0000 0.1920
0.3491 0.0000 0.1920
0.3665 0.0000 0.1920
0.3840 0.0000 0.1920
0.4014 0.0000 0.1920
0.4189 0.0000 0.1920
0.4363 0.0000 0.1920
0.4538 0.0000 0.1920
0.4712 0.0000 0.1920
0.4887 0.0000 0.1920
0.5061 0.0000 0.1920
0.5236 0.0000 0.1920
0.5411 0.0000 0.1920
0.5585 0.0000 0.1920
0.5760 0.0000 0.1920
0.5934 0.0000 0.1920
0.6109 0.0000 0.1920
0.6283 0.0000 0.1920
0.6458 0.0000 0.1920
0.6632 0.0000 0.1920
0.6807 0.0000 0.1920
0.6981 0.0000 0.1920
0.7156 0.0000 0.1920
0.7330 0.0000 0.1920
0.7505 0.0000 0.1920
0.7679 0.0000 0.1920
0.7854 0.0000 0.1920
0.8029 0.0000 0.1920
0.8203 0.0000 0.1920
0.8378 0.0000 0.1920
0.8552 0.0000 0.1920
0.8727 0.0000 0.1920
0.8901 0.0000 0.1920
0.9076 0.0000 0.1920
0.9250 0.0000 0.1920
0.9425 0.0000 0.1920
0.9599 0.0000 0.1920
0.9774 0.0000 0.1920
0.9948 0.0000 0.1920
1.0123 0.0000 0.1920
1.0297 0.0000 0.1920
1.0472 0.0000 0.1920
1.0647 0.0000 0.1920
1.0821 0.0000 0.1920
1.0996 0.0000 0.1920
1.1170 0.0000 0.1920
1.1345 0.0000 0.1920
1.1519 0.0000 0.1920
1.1694 0.0000 0.1920
1.1868 0.0000 0.1920
1.2043 0.0000 0.1920
1.2217 0.0000 0.1920
0.0000 0.0000 0.2094
0.0175 0.0000 0.2094
0.0349 0.0000 0.2094
0.0524 0.0000 0.2094
0.0698 0.0000 0.2094
0.0873 0.0000 0.2094
0.1047 0.0000 0.2094
0.1222 0.0000 0.2094
0.1396 0.0000 0.2094
0.1571 0.0000 0.2094
0.1745 0.0000 0.2094
0.1920 0.0000 0.2094
0.2094 0.0000 0.2094
0.2269 0.0000 0.2094
0.2443 0.0000 0.2094
0.2618 0.0000 0.2094
0.2793 0.0000 0.2094
0.2967 0.0000 0.2094
0.3142 0.0000 0.2094
0.3316 0.0000 0.2094
0.3491 0.0000 0.2094
0.3665 0.0000 0.2094
0.3840 0.0000 0.2094
0.4014 0.0000 0.2094
0.4189 0.0000 0.2094
0.4363 0.0000 0.2094
0.4538 0.0000 0.2094
0.4712 0.0000 0.2094
0.4887 0.0000 0.2094
0.5061 0.0000 0.2094
0.5236 0.0000 0.2094
0.5411 0.0000 0.2094
0.5585 0.0000 0.2094
0.5760 0.0000 0.2094
0.5934 0.0000 0.2094
0.6109 0.0000 0.2094
0.6283 0.0000 0.2094
0.6458 0.0000 0.2094
0.6632 0.0000 0.2094
0.6807 0.0000 0.2094
0.6981 0.0000 0.2094
0.7156 0.0000 0.2094
0.7330 0.0000 0.2094
0.7505 0.0000 0.2094
0.7679 0.0000 0.2094
0.7854 0.0000 0.2094
0.8029 0.0000 0.2094
0.8203 0.0000 0.2094
0.8378 0.0000 0.2094
0.8552 0.0000 0.2094
0.8727 0.0000 0.2094
0.8901 0.0000 0.2094
0.9076 0.0000 0.2094
0.9250 0.0000 0.2094
0.9425 0.0000 0.2094
0.9599 0.0000 0.2094
0.9774 0.0000 0.2094
0.9948 0.0000 0.2094
1.0123 0.0000 0.2094
1.0297 0.0000 0.2094
1.0472 0.0000 0.2094
1.0647 0.0000 0.2094
1.0821 0.0000 0.2094
1.0996 0.0000 0.2094
1.1170 0.0000 0.2094
1.1345 0.0000 0.2094
1.1519 0.0000 0.2094
1.1694 0.0000 0.2094
1.1868 0.0000 0.2094
1.2043 0.0000 0.2094
1.2217 0.0000 0.2094
0.0000 0.0000 0.2269
0.0175 0.0000 0.2269
0.0349 0.0000 0.2269
0.0524 0.0000 0.2269
0.0698 0.0000 0.2269
0.0873 0.0000 0.2269
0.1047 0.0000 0.2269
0.1222 0.0000 0.2269
0.1396 0.0000 0.2269
0.1571 0.0000 0.2269
0.1745 0.0000 0.2269
0.1920 0.0000 0.2269
0.2094 0.0000 0.2269
0.2269 0.0000 0.2269
0.2443 0.0000 0.2269
0.2618 0.0000 0.2269
0.2793 0.0000 0.2269
0.2967 0.0000 0.2269
0.3142 0.0000 0.2269
0.3316 0.0000 0.2269
0.3491 0.0000 0.2269
0.3665 0.0000 0.2269
0.3840 0.0000 0.2269
0.4014 0.0000 0.2269
0.4189 0.0000 0.2269
0.4363 0.0000 0.2269
0.4538 0.0000 0.2269
0.4712 0.0000 0.2269
0.4887 0.0000 0.2269
0.5061 0.0000 0.2269
0.5236 0.0000 0.2269
0.5411 0.0000 0.2269
0.5585 0.0000 0.2269
0.5760 0.0000 0.2269
0.5934 0.0000 0.2269
0.6109 0.0000 0.2269
0.6283 0.0000 0.2269
0.6458 0.0000 0.2269
0.6632 0.0000 0.2269
0.6807 0.0000 0.2269
0.6981 0.0000 0.2269
0.7156 0.0000 0.2269
0.7330 0.0000 0.2269
0.7505 0.0000 0.2269
0.7679 0.0000 0.2269
0.7854 0.0000 0.2269
0.8029 0.0000 0.2269
0.8203 0.0000 0.2269
0.8378 0.0000 0.2269
0.8552 0.0000 0.2269
0.8727 0.0000 0.2269
0.8901 0.0000 0.2269
0.9076 0.0000 0.2269
0.9250 0.0000 0.2269
0.9425 0.0000 0.2269
0.9599 0.0000 0.2269
0.9774 0.0000 0.2269
0.9948 0.0000 0.2269
1.0123 0.0000 0.2269
1.0297 0.0000 0.2269
1.0472 0.0000 0.2269
1.0647 0.0000 0.2269
1.0821 0.0000 0.2269
1.0996 0.0000 0.2269
1.1170 0.0000 0.2269
1.1345 0.0000 0.2269
1.1519 0.0000 0.2269
1.1694 0.0000 0.2269
1.1868 0.0000 0.2269
1.2043 0.0000 0.2269
1.2217 0.0000 0.2269
0.0000 0.0000 0.2443
0.0175 0.0000 0.2443
0.0349 0.0000 0.2443
0.0524 0.0000 0.2443
0.0698 0.0000 0.2443
0.0873 0.0000 0.2443
0.1047 0.0000 0.2443
0.1222 0.0000 0.2443
0.1396 0.0000 0.2443
0.1571 0.0000 0.2443
0.1745 0.0000 0.2443
0.1920 0.0000 0.2443
0.2094 0.0000 0.2443
0.2269 0.0000 0.2443
0.2443 0.0000 0.2443
0.2618 0.0000 0.2443
0.2793 0.0000 0.2443
0.2967 0.0000 0.2443
0.3142 0.0000 0.2443
0.3316 0.0000 0.2443
0.3491 0.0000 0.2443
0.3665 0.0000 0.2443
0.3840 0.0000 0.2443
0.4014 0.0000 0.2443
0.4189 0.0000 0.2443
0.4363 0.0000 0.2443
0.4538 0.0000 0.2443
0.4712 0.0000 0.2443
0.4887 0.0000 0.2443
0.5061 0.0000 0.2443
0.5236 0.0000 0.2443
0.5411 0.0000 0.2443
0.5585 0.0000 0.2443
0.5760 0.0000 0.2443
0.5934 0.0000 0.2443
0.6109 0.0000 0.2443
0.6283 0.0000 0.2443
0.6458 0.0000 0.2443
0.6632 0.0000 0.2443
0.6807 0.0000 0.2443
0.6981 0.0000 0.2443
0.7156 0.0000 0.2443
0.7330 0.0000 0.2443
0.7505 0.0000 0.2443
0.7679 0.0000 0.2443
0.7854 0.0000 0.2443
0.8029 0.0000 0.2443
0.8203 0.0000 0.2443
0.8378 0.0000 0.2443
0.8552 0.0000 0.2443
0.8727 0.0000 0.2443
0.8901 0.0000 0.2443
0.9076 0.0000 0.2443
0.9250 0.0000 0.2443
0.9425 0.0000 0.2443
0.9599 0.0000 0.2443
0.9774 0.0000 0.2443
0.9948 0.0000 0.2443
1.0123 0.0000 0.2443
1.0297 0.0000 0.2443
1.0472 0.0000 0.2443
1.0647 0.0000 0.2443
1.0821 0.0000 0.2443
1.0996 0.0000 0.2443
1.1170 0.0000 0.2443
1.1345 0.0000 0.2443
1.1519 0.0000 0.2443
1.1694 0.0000 0.2443
1.1868 0.0000 0.2443
1.2043 0.0000 0.2443
1.2217 0.0000 0.2443
0.0000 0.0000 0.2618
0.0175 0.0000 0.2618
0.0349 0.0000 0.2618
0.0524 0.0000 0.2618
0.0698 0.0000 0.2618
0.0873 0.0000 0.2618
0.1047 0.0000 0.2618
0.1222 0.0000 0.2618
0.1396 0.0000 0.2618
0.1571 0.0000 0.2618
0.1745 0.0000 0.2618
0.1920 0.0000 0.2618
0.2094 0.0000 0.2618
0.2269 0.0000 0.2618
0.2443 0.0000 0.2618
0.2618 0.0000 0.2618
0.2793 0.0000 0.2618
0.2967 0.0000 0.2618
0.3142 0.0000 0.2618
0.3316 0.0000 0.2618
0.3491 0.0000 0.2618
0.3665 0.0000 0.2618
0.3840 0.0000 0.2618
0.4014 0.0000 0.2618
0.4189 0.0000 0.2618
0.4363 0.0000 0.2618
0.4538 0.0000 0.2618
0.4712 0.0000 0.2618
0.4887 0.0000 0.2618
0.5061 0.0000 0.2618
0.5236 0.0000 0.2618
0.5411 0.0000 0.2618
0.5585 0.0000 0.2618
0.5760 0.0000 0.2618
0.5934 0.0000 0.2618
0.6109 0.0000 0.2618
0.6283 0.0000 0.2618
0.6458 0.0000 0.2618
0.6632 0.0000 0.2618
0.6807 0.0000 0.2618
0.6981 0.0000 0.2618
0.7156 0.0000 0.2618
0.7330 0.0000 0.2618
0.7505 0.0000 0.2618
0.7679 0.0000 0.2618
0.7854 0.0000 0.2618
0.8029 0.0000 0.2618
0.8203 0.0000 0.2618
0.8378 0.0000 0.2618
0.8552 0.0000 0.2618
0.8727 0.0000 0.2618
0.8901 0.0000 0.2618
0.9076 0.0000 0.2618
0.9250 0.0000 0.2618
0.9425 0.0000 0.2618
0.9599 0.0000 0.2618
0.9774 0.0000 0.2618
0.9948 0.0000 0.2618
1.0123 0.0000 0.2618
1.0297 0.0000 0.2618
1.0472 0.0000 0.2618
1.0647 0.0000 0.2618
1.0821 0.0000 0.2618
1.0996 0.0000 0.2618
1.1170 0.0000 0.2618
1.1345 0.0000 0.2618
1.1519 0.0000 0.2618
1.1694 0.0000 0.2618
1.1868 0.0000 0.2618
1.2043 0.0000 0.2618
1.2217 0.0000 0.2618
0.0000 0.0000 0.2793
0.0175 0.0000 0.2793
0.0349 0.0000 0.2793
0.0524 0.0000 0.2793
0.0698 0.0000 0.2793
0.0873 0.0000 0.2793
0.1047 0.0000 0.2793
0.1222 0.0000 0.2793
0.1396 0.0000 0.2793
0.1571 0.0000 0.2793
0.1745 0.0000 0.2793
0.1920 0.0000 0.2793
0.2094 0.0000 0.2793
0.2269 0.0000 0.2793
0.2443 0.0000 0.2793
0.2618 0.0000 0.2793
0.2793 0.0000 0.2793
0.2967 0.0000 0.2793
0.3142 0.0000 0.2793
0.3316 0.0000 0.2793
0.3491 0.0000 0.2793
0.3665 0.0000 0.2793
0.3840 0.0000 0.2793
0.4014 0.0000 0.2793
0.4189 0.0000 0.2793
0.4363 0.0000 0.2793
0.4538 0.0000 0.2793
0.4712 0.0000 0.2793
0.4887 0.0000 0.2793
0.5061 0.0000 0.2793
0.5236 0.0000 0.2793
0.5411 0.0000 0.2793
0.5585 0.0000 0.2793
0.5760 0.0000 0.2793
0.5934 0.0000 0.2793
0.6109 0.0000 0.2793
0.6283 0.0000 0.2793
0.6458 0.0000 0.2793
0.6632 0.0000 0.2793
0.6807 0.0000 0.2793
0.6981 0.0000 0.2793
0.7156 0.0000 0.2793
0.7330 0.0000 0.2793
0.7505 0.0000 0.2793
0.7679 0.0000 0.2793
0.7854 0.0000 0.2793
0.8029 0.0000 0.2793
0.8203 0.0000 0.2793
0.8378 0.0000 0.2793
0.8552 0.0000 0.2793
0.8727 0.0000 0.2793
0.8901 0.0000 0.2793
0.9076 0.0000 0.2793
0.9250 0.0000 0.2793
0.9425 0.0000 0.2793
0.9599 0.0000 0.2793
0.9774 0.0000 0.2793
0.9948 0.0000 0.2793
1.0123 0.0000 0.2793
1.0297 0.0000 0.2793
1.0472 0.0000 0.2793
1.0647 0.0000 0.2793
1.0821 0.0000 0.2793
1.0996 0.0000 0.2793
1.1170 0.0000 0.2793
1.1345 0.0000 0.2793
1.1519 0.0000 0.2793
1.1694 0.0000 0.2793
1.1868 0.0000 0.2793
1.2043 0.0000 0.2793
1.2217 0.0000 0.2793
0.0000 0.0000 0.2967
0.0175 0.0000 0.2967
0.0349 0.0000 0.2967
0.0524 0.0000 0.2967
0.0698 0.0000 0.2967
0.0873 0.0000 0.2967
0.1047 0.0000 0.2967
0.1222 0.0000 0.2967
0.1396 0.0000 0.2967
0.1571 0.0000 0.2967
0.1745 0.0000 0.2967
0.1920 0.0000 0.2967
0.2094 0.0000 0.2967
0.2269 0.0000 0.2967
0.2443 0.0000 0.2967
0.2618 0.0000 0.2967
0.2793 0.0000 0.2967
0.2967 0.0000 0.2967
0.3142 0.0000 0.2967
0.3316 0.0000 0.2967
0.3491 0.0000 0.2967
0.3665 0.0000 0.2967
0.3840 0.0000 0.2967
0.4014 0.0000 0.2967
0.4189 0.0000 0.2967
0.4363 0.0000 0.2967
0.4538 0.0000 0.2967
0.4712 0.0000 0.2967
0.4887 0.0000 0.2967
0.5061 0.0000 0.2967
0.5236 0.0000 0.2967
0.5411 0.0000 0.2967
0.5585 0.0000 0.2967
0.5760 0.0000 0.2967
0.5934 0.0000 0.2967
0.6109 0.0000 0.2967
0.6283 0.0000 0.2967
0.6458 0.0000 0.2967
0.6632 0.0000 0.2967
0.6807 0.0000 0.2967
0.6981 0.0000 0.2967
0.7156 0.0000 0.2967
0.7330 0.0000 0.2967
0.7505 0.0000 0.2967
0.7679 0.0000 0.2967
0.7854 0.0000 0.2967
0.8029 0.0000 0.2967
0.8203 0.0000 0.2967
0.8378 0.0000 0.2967
0.8552 0.0000 0.2967
0.8727 0.0000 0.2967
0.8901 0.0000 0.2967
0.9076 0.0000 0.2967
0.9250 0.0000 0.2967
0.9425 0.0000 0.2967
0.9599 0.0000 0.2967
0.9774 0.0000 0.2967
0.9948 0.0000 0.2967
1.0123 0.0000 0.2967
1.0297 0.0000 0.2967
1.0472 0.0000 0.2967
1.0647 0.0000 0.2967
1.0821 0.0000 0.2967
1.0996 0.0000 0.2967
1.1170 0.0000 0.2967
1.1345 0.0000 0.2967
1.1519 0.0000 0.2967
1.1694 0.0000 0.2967
1.1868 0.0000 0.2967
1.2043 0.0000 0.2967
1.2217 0.0000 0.2967
0.0000 0.0000 0.3142
0.0175 0.0000 0.3142
0.0349 0.0000 0.3142
0.0524 0.0000 0.3142
0.0698 0.0000 0.3142
0.0873 0.0000 0.3142
0.1047 0.0000 0.3142
0.1222 0.0000 0.3142
0.1396 0.0000 0.3142
0.1571 0.0000 0.3142
0.1745 0.0000 0.3142
0.1920 0.0000 0.3142
0.2094 0.0000 0.3142
0.2269 0.0000 0.3142
0.2443 0.0000 0.3142
0.2618 0.0000 0.3142
0.2793 0.0000 0.3142
0.2967 0.0000 0.3142
0.3142 0.0000 0.3142
0.3316 0.0000 0.3142
0.3491 0.0000 0.3142
0.3665 0.0000 0.3142
0.3840 0.0000 0.3142
0.4014 0.0000 0.3142
0.4189 0.0000 0.3142
0.4363 0.0000 0.3142
0.4538 0.0000 0.3142
0.4712 0.0000 0.3142
0.4887 0.0000 0.3142
0.5061 0.0000 0.3142
0.5236 0.0000 0.3142
0.5411 0.0000 0.3142
0.5585 0.0000 0.3142
0.5760 0.0000 0.3142
0.5934 0.0000 0.3142
0.6109 0.0000 0.3142
0.6283 0.0000 0.3142
0.6458 0.0000 0.3142
0.6632 0.0000 0.3142
0.6807 0.0000 0.3142
0.6981 0.0000 0.3142
0.7156 0.0000 0.3142
0.7330 0.0000 0.3142
0.7505 0.0000 0.3142
0.7679 0.0000 0.3142
0.7854 0.0000 0.3142
0.8029 0.0000 0.3142
0.8203 0.0000 0.3142
0.8378 0.0000 0.3142
0.8552 0.0000 0.3142
0.8727 0.0000 0.3142
0.8901 0.0000 0.3142
0.9076 0.0000 0.3142
0.9250 0.0000 0.3142
0.9425 0.0000 0.3142
0.9599 0.0000 0.3142
0.9774 0.0000 0.3142
0.9948 0.0000 0.3142
1.0123 0.0000 0.3142
1.0297 0.0000 0.3142
1.0472 0.0000 0.3142
1.0647 0.0000 0.3142
1.0821 0.0000 0.3142
1.0996 0.0000 0.3142
1.1170 0.0000 0.3142
1.1345 0.0000 0.3142
1.1519 0.0000 0.3142
1.1694 0.0000 0.3142
1.1868 0.0000 0.3142
1.2043 0.0000 0.3142
1.2217 0.0000 0.3142
0.0000 0.0000 0.3316
0.0175 0.0000 0.3316
0.0349 0.0000 0.3316
0.0524 0.0000 0.3316
0.0698 0.0000 0.3316
0.0873 0.0000 0.3316
0.1047 0.0000 0.3316
0.1222 0.0000 0.3316
0.1396 0.0000 0.3316
0.1571 0.0000 0.3316
0.1745 0.0000 0.3316
0.1920 0.0000 0.3316
0.2094 0.0000 0.3316
0.2269 0.0000 0.3316
0.2443 0.0000 0.3316
0.2618 0.0000 0.3316
0.2793 0.0000 0.3316
0.2967 0.0000 0.3316
0.3142 0.0000 0.3316
0.3316 0.0000 0.3316
0.3491 0.0000 0.3316
0.3665 0.0000 0.3316
0.3840 0.0000 0.3316
0.4014 0.0000 0.3316
0.4189 0.0000 0.3316
0.4363 0.0000 0.3316
0.4538 0.0000 0.3316
0.4712 0.0000 0.3316
0.4887 0.0000 0.3316
0.5061 0.0000 0.3316
0.5236 0.0000 0.3316
0.5411 0.0000 0.3316
0.5585 0.0000 0.3316
0.5760 0.0000 0.3316
0.5934 0.0000 0.3316
0.6109 0.0000 0.3316
0.6283 0.0000 0.3316
0.6458 0.0000 0.3316
0.6632 0.0000 0.3316
0.6807 0.0000 0.3316
0.6981 0.0000 0.3316
0.7156 0.0000 0.3316
0.7330 0.0000 0.3316
0.7505 0.0000 0.3316
0.7679 0.0000 0.3316
0.7854 0.0000 0.3316
0.8029 0.0000 0.3316
0.8203 0.0000 0.3316
0.8378 0.0000 0.3316
0.8552 0.0000 0.3316
0.8727 0.0000 0.3316
0.8901 0.0000 0.3316
0.9076 0.0000 0.3316
0.9250 0.0000 0.3316
0.9425 0.0000 0.3316
0.9599 0.0000 0.3316
0.9774 0.0000 0.3316
0.9948 0.0000 0.3316
1.0123 0.0000 0.3316
1.0297 0.0000 0.3316
1.0472 0.0000 0.3316
1.0647 0.0000 0.3316
1.0821 0.0000 0.3316
1.0996 0.0000 0.3316
1.1170 0.0000 0.3316
1.1345 0.0000 0.3316
1.1519 0.0000 0.3316
1.1694 0.0000 0.3316
1.1868 0.0000 0.3316
1.2043 0.0000 0.3316
1.2217 0.0000 0.3316
0.0000 0.0000 0.3491
0.0175 0.0000 0.3491
0.0349 0.0000 0.3491
0.0524 0.0000 0.3491
0.0698 0.0000 0.3491
0.0873 0.0000 0.3491
0.1047 0.0000 0.3491
0.1222 0.0000 0.3491
0.1396 0.0000 0.3491
0.1571 0.0000 0.3491
0.1745 0.0000 0.3491
0.1920 0.0000 0.3491
0.2094 0.0000 0.3491
0.2269 0.0000 0.3491
0.2443 0.0000 0.3491
0.2618 0.0000 0.3491
0.2793 0.0000 0.3491
0.2967 0.0000 0.3491
0.3142 0.0000 0.3491
0.3316 0.0000 0.3491
0.3491 0.0000 0.3491
0.3665 0.0000 0.3491
0.3840 0.0000 0.3491
0.4014 0.0000 0.3491
0.4189 0.0000 0.3491
0.4363 0.0000 0.3491
0.4538 0.0000 0.3491
0.4712 0.0000 0.3491
0.4887 0.0000 0.3491
0.5061 0.0000 0.3491
0.5236 0.0000 0.3491
0.5411 0.0000 0.3491
0.5585 0.0000 0.3491
0.5760 0.0000 0.3491
0.5934 0.0000 0.3491
0.6109 0.0000 0.3491
0.6283 0.0000 0.3491
0.6458 0.0000 0.3491
0.6632 0.0000 0.3491
0.6807 0.0000 0.3491
0.6981 0.0000 0.3491
0.7156 0.0000 0.3491
0.7330 0.0000 0.3491
0.7505 0.0000 0.3491
0.7679 0.0000 0.3491
0.7854 0.0000 0.3491
0.8029 0.0000 0.3491
0.8203 0.0000 0.3491
0.8378 0.0000 0.3491
0.8552 0.0000 0.3491
0.8727 0.0000 0.3491
0.8901 0.0000 0.3491
0.9076 0.0000 0.3491
0.9250 0.0000 0.3491
0.9425 0.0000 0.3491
0.9599 0.0000 0.3491
0.9774 0.0000 0.3491
0.9948 0.0000 0.3491
1.0123 0.0000 0.3491
1.0297 0.0000 0.3491
1.0472 0.0000 0.3491
1.0647 0.0000 0.3491
1.0821 0.0000 0.3491
1.0996 0.0000 0.3491
1.1170 0.0000 0.3491
1.1345 0.0000 0.3491
1.1519 0.0000 0.3491
1.1694 0.0000 0.3491
1.1868 0.0000 0.3491
1.2043 0.0000 0.3491
1.2217 0.0000 0.3491
0.0000 0.0000 0.3665
0.0175 0.0000 0.3665
0.0349 0.0000 0.3665
0.0524 0.0000 0.3665
0.0698 0.0000 0.3665
0.0873 0.0000 0.3665
0.1047 0.0000 0.3665
0.1222 0.0000 0.3665
0.1396 0.0000 0.3665
0.1571 0.0000 0.3665
0.1745 0.0000 0.3665
0.1920 0.0000 0.3665
0.2094 0.0000 0.3665
0.2269 0.0000 0.3665
0.2443 0.0000 0.3665
0.2618 0.0000 0.3665
0.2793 0.0000 0.3665
0.2967 0.0000 0.3665
0.3142 0.0000 0.3665
0.3316 0.0000 0.3665
0.3491 0.0000 0.3665
0.3665 0.0000 0.3665
0.3840 0.0000 0.3665
0.4014 0.0000 0.3665
0.4189 0.0000 0.3665
0.4363 0.0000 0.3665
0.4538 0.0000 0.3665
0.4712 0.0000 0.3665
0.4887 0.0000 0.3665
0.5061 0.0000 0.3665
0.5236 0.0000 0.3665
0.5411 0.0000 0.3665
0.5585 0.0000 0.3665
0.5760 0.0000 0.3665
0.5934 0.0000 0.3665
0.6109 0.0000 0.3665
0.6283 0.0000 0.3665
0.6458 0.0000 0.3665
0.6632 0.0000 0.3665
0.6807 0.0000 0.3665
0.6981 0.0000 0.3665
0.7156 0.0000 0.3665
0.7330 0.0000 0.3665
0.7505 0.0000 0.3665
0.7679 0.0000 0.3665
0.7854 0.0000 0.3665
0.8029 0.0000 0.3665
0.8203 0.0000 0.3665
0.8378 0.0000 0.3665
0.8552 0.0000 0.3665
0.8727 0.0000 0.3665
0.8901 0.0000 0.3665
0.9076 0.0000 0.3665
0.9250 0.0000 0.3665
0.9425 0.0000 0.3665
0.9599 0.0000 0.3665
0.9774 0.0000 0.3665
0.9948 0.0000 0.3665
1.0123 0.0000 0.3665
1.0297 0.0000 0.3665
1.0472 0.0000 0.3665
1.0647 0.0000 0.3665
1.0821 0.0000 0.3665
1.0996 0.0000 0.3665
1.1170 0.0000 0.3665
1.1345 0.0000 0.3665
1.1519 0.0000 0.3665
1.1694 0.0000 0.3665
1.1868 0.0000 0.3665
1.2043 0.0000 0.3665
1.2217 0.0000 0.3665
0.0000 0.0000 0.3840
0.0175 0.0000 0.3840
0.0349 0.0000 0.3840
0.0524 0.0000 0.3840
0.0698 0.0000 0.3840
0.0873 0.0000 0.3840
0.1047 0.0000 0.3840
0.1222 0.0000 0.3840
0.1396 0.0000 0.3840
0.1571 0.0000 0.3840
0.1745 0.0000 0.3840
0.1920 0.0000 0.3840
0.2094 0.0000 0.3840
0.2269 0.0000 0.3840
0.2443 0.0000 0.3840
0.2618 0.0000 0.3840
0.2793 0.0000 0.3840
0.2967 0.0000 0.3840
0.3142 0.0000 0.3840
0.3316 0.0000 0.3840
0.3491 0.0000 0.3840
0.3665 0.0000 0.3840
0.3840 0.0000 0.3840
0.4014 0.0000 0.3840
0.4189 0.0000 0.3840
0.4363 0.0000 0.3840
0.4538 0.0000 0.3840
0.4712 0.0000 0.3840
0.4887 0.0000 0.3840
0.5061 0.0000 0.3840
0.5236 0.0000 0.3840
0.5411 0.0000 0.3840
0.5585 0.0000 0.3840
0.5760 0.0000 0.3840
0.5934 0.0000 0.3840
0.6109 0.0000 0.3840
0.6283 0.0000 0.3840
0.6458 0.0000 0.3840
0.6632 0.0000 0.3840
0.6807 0.0000 0.3840
0.6981 0.0000 0.3840
0.7156 0.0000 0.3840
0.7330 0.0000 0.3840
0.7505 0.0000 0.3840
0.7679 0.0000 0.3840
0.7854 0.0000 0.3840
0.8029 0.0000 0.3840
0.8203 0.0000 0.3840
0.8378 0.0000 0.3840
0.8552 0.0000 0.3840
0.8727 0.0000 0.3840
0.8901 0.0000 0.3840
0.9076 0.0000 0.3840
0.9250 0.0000 0.3840
0.9425 0.0000 0.3840
0.9599 0.0000 0.3840
0.9774 0.0000 0.3840
0.9948 0.0000 0.3840
1.0123 0.0000 0.3840
1.0297 0.0000 0.3840
1.0472 0.0000 0.3840
1.0647 0.0000 0.3840
1.0821 0.0000 0.3840
1.0996 0.0000 0.3840
1.1170 0.0000 0.3840
1.1345 0.0000 0.3840
1.1519 0.0000 0.3840
1.1694 0.0000 0.3840
1.1868 0.0000 0.3840
1.2043 0.0000 0.3840
1.2217 0.0000 0.3840
0.0000 0.0000 0.4014
0.0175 0.0000 0.4014
0.0349 0.0000 0.4014
0.0524 0.0000 0.4014
0.0698 0.0000 0.4014
0.0873 0.0000 0.4014
0.1047 0.0000 0.4014
0.1222 0.0000 0.4014
0.1396 0.0000 0.4014
0.1571 0.0000 0.4014
0.1745 0.0000 0.4014
0.1920 0.0000 0.4014
0.2094 0.0000 0.4014
0.2269 0.0000 0.4014
0.2443 0.0000 0.4014
0.2618 0.0000 0.4014
0.2793 0.0000 0.4014
0.2967 0.0000 0.4014
0.3142 0.0000 0.4014
0.3316 0.0000 0.4014
0.3491 0.0000 0.4014
0.3665 0.0000 0.4014
0.3840 0.0000 0.4014
0.4014 0.0000 0.4014
0.4189 0.0000 0.4014
0.4363 0.0000 0.4014
0.4538 0.0000 0.4014
0.4712 0.0000 0.4014
0.4887 0.0000 0.4014
0.5061 0.0000 0.4014
0.5236 0.0000 0.4014
0.5411 0.0000 0.4014
0.5585 0.0000 0.4014
0.5760 0.0000 0.4014
0.5934 0.0000 0.4014
0.6109 0.0000 0.4014
0.6283 0.0000 0.4014
0.6458 0.0000 0.4014
0.6632 0.0000 0.4014
0.6807 0.0000 0.4014
0.6981 0.0000 0.4014
0.7156 0.0000 0.4014
0.7330 0.0000 0.4014
0.7505 0.0000 0.4014
0.7679 0.0000 0.4014
0.7854 0.0000 0.4014
0.8029 0.0000 0.4014
0.8203 0.0000 0.4014
0.8378 0.0000 0.4014
0.8552 0.0000 0.4014
0.8727 0.0000 0.4014
0.8901 0.0000 0.4014
0.9076 0.0000 0.4014
0.9250 0.0000 0.4014
0.9425 0.0000 0.4014
0.9599 0.0000 0.4014
0.9774 0.0000 0.4014
0.9948 0.0000 0.4014
1.0123 0.0000 0.4014
1.0297 0.0000 0.4014
1.0472 0.0000 0.4014
1.0647 0.0000 0.4014
1.0821 0.0000 0.4014
1.0996 0.0000 0.4014
1.1170 0.0000 0.4014
1.1345 0.0000 0.4014
1.1519 0.0000 0.4014
1.1694 0.0000 0.4014
1.1868 0.0000 0.4014
1.2043 0.0000 0.4014
1.2217 0.0000 0.4014
0.0000 0.0000 0.4189
0.0175 0.0000 0.4189
0.0349 0.0000 0.4189
0.0524 0.0000 0.4189
0.0698 0.0000 0.4189
0.0873 0.0000 0.4189
0.1047 0.0000 0.4189
0.1222 0.0000 0.4189
0.1396 0.0000 0.4189
0.1571 0.0000 0.4189
0.1745 0.0000 0.4189
0.1920 0.0000 0.4189
0.2094 0.0000 0.4189
0.2269 0.0000 0.4189
0.2443 0.0000 0.4189
0.2618 0.0000 0.4189
0.2793 0.0000 0.4189
0.2967 0.0000 0.4189
0.3142 0.0000 0.4189
0.3316 0.0000 0.4189
0.3491 0.0000 0.4189
0.3665 0.0000 0.4189
0.3840 0.0000 0.4189
0.4014 0.0000 0.4189
0.4189 0.0000 0.4189
0.4363 0.0000 0.4189
0.4538 0.0000 0.4189
0.4712 0.0000 0.4189
0.4887 0.0000 0.4189
0.5061 0.0000 0.4189
0.5236 0.0000 0.4189
0.5411 0.0000 0.4189
0.5585 0.0000 0.4189
0.5760 0.0000 0.4189
0.5934 0.0000 0.4189
0.6109 0.0000 0.4189
0.6283 0.0000 0.4189
0.6458 0.0000 0.4189
0.6632 0.0000 0.4189
0.6807 0.0000 0.4189
0.6981 0.0000 0.4189
0.7156 0.0000 0.4189
0.7330 0.0000 0.4189
0.7505 0.0000 0.4189
0.7679 0.0000 0.4189
0.7854 0.0000 0.4189
0.8029 0.0000 0.4189
0.8203 0.0000 0.4189
0.8378 0.0000 0.4189
0.8552 0.0000 0.4189
0.8727 0.0000 0.4189
0.8901 0.0000 0.4189
0.9076 0.0000 0.4189
0.9250 0.0000 0.4189
0.9425 0.0000 0.4189
0.9599 0.0000 0.4189
0.9774 0.0000 0.4189
0.9948 0.0000 0.4189
1.0123 0.0000 0.4189
1.0297 0.0000 0.4189
1.0472 0.0000 0.4189
1.0647 0.0000 0.4189
1.0821 0.0000 0.4189
1.0996 0.0000 0.4189
1.1170 0.0000 0.4189
1.1345 0.0000 0.4189
1.1519 0.0000 0.4189
1.1694 0.0000 0.4189
1.1868 0.0000 0.4189
1.2043 0.0000 0.4189
1.2217 0.0000 0.4189
0.0000 0.0000 0.4363
0.0175 0.0000 0.4363
0.0349 0.0000 0.4363
0.0524 0.0000 0.4363
0.0698 0.0000 0.4363
0.0873 0.0000 0.4363
0.1047 0.0000 0.4363
0.1222 0.0000 0.4363
0.1396 0.0000 0.4363
0.1571 0.0000 0.4363
0.1745 0.0000 0.4363
0.1920 0.0000 0.4363
0.2094 0.0000 0.4363
0.2269 0.0000 0.4363
0.2443 0.0000 0.4363
0.2618 0.0000 0.4363
0.2793 0.0000 0.4363
0.2967 0.0000 0.4363
0.3142 0.0000 0.4363
0.3316 0.0000 0.4363
0.3491 0.0000 0.4363
0.3665 0.0000 0.4363
0.3840 0.0000 0.4363
0.4014 0.0000 0.4363
0.4189 0.0000 0.4363
0.4363 0.0000 0.4363
0.4538 0.0000 0.4363
0.4712 0.0000 0.4363
0.4887 0.0000 0.4363
0.5061 0.0000 0.4363
0.5236 0.0000 0.4363
0.5411 0.0000 0.4363
0.5585 0.0000 0.4363
0.5760 0.0000 0.4363
0.5934 0.0000 0.4363
0.6109 0.0000 0.4363
0.6283 0.0000 0.4363
0.6458 0.0000 0.4363
0.6632 0.0000 0.4363
0.6807 0.0000 0.4363
0.6981 0.0000 0.4363
0.7156 0.0000 0.4363
0.7330 0.0000 0.4363
0.7505 0.0000 0.4363
0.7679 0.0000 0.4363
0.7854 0.0000 0.4363
0.8029 0.0000 0.4363
0.8203 0.0000 0.4363
0.8378 0.0000 0.4363
0.8552 0.0000 0.4363
0.8727 0.0000 0.4363
0.8901 0.0000 0.4363
0.9076 0.0000 0.4363
0.9250 0.0000 0.4363
0.9425 0.0000 0.4363
0.9599 0.0000 0.4363
0.9774 0.0000 0.4363
0.9948 0.0000 0.4363
1.0123 0.0000 0.4363
1.0297 0.0000 0.4363
1.0472 0.0000 0.4363
1.0647 0.0000 0.4363
1.0821 0.0000 0.4363
1.0996 0.0000 0.4363
1.1170 0.0000 0.4363
1.1345 0.0000 0.4363
1.1519 0.0000 0.4363
1.1694 0.0000 0.4363
1.1868 0.0000 0.4363
1.2043 0.0000 0.4363
1.2217 0.0000 0.4363
