0.0000 -0.7854 -0.4363
0.0873 -0.7854 -0.4363
0.1745 -0.7854 -0.4363
0.2618 -0.7854 -0.4363
0.3491 -0.7854 -0.4363
0.4363 -0.7854 -0.4363
0.5236 -0.7854 -0.4363
0.6109 -0.7854 -0.4363
0.6981 -0.7854 -0.4363
0.7854 -0.7854 -0.4363
0.8727 -0.7854 -0.4363
0.9599 -0.7854 -0.4363
1.0472 -0.7854 -0.4363
1.1345 -0.7854 -0.4363
1.2217 -0.7854 -0.4363
0.0000 -0.7854 -0.3491
0.0873 -0.7854 -0.3491
0.1745 -0.7854 -0.3491
0.2618 -0.7854 -0.3491
0.3491 -0.7854 -0.3491
0.4363 -0.7854 -0.3491
0.5236 -0.7854 -0.3491
0.6109 -0.7854 -0.3491
0.6981 -0.7854 -0.3491
0.7854 -0.7854 -0.3491
0.8727 -0.7854 -0.3491
0.9599 -0.7854 -0.3491
1.0472 -0.7854 -0.3491
1.1345 -0.7854 -0.3491
1.2217 -0.7854 -0.3491
0.0000 -0.7854 -0.2618
0.0873 -0.7854 -0.2618
0.1745 -0.7854 -0.2618
0.2618 -0.7854 -0.2618
0.3491 -0.7854 -0.2618
0.4363 -0.7854 -0.2618
0.5236 -0.7854 -0.2618
0.6109 -0.7854 -0.2618
0.6981 -0.7854 -0.2618
0.7854 -0.7854 -0.2618
0.8727 -0.7854 -0.2618
0.9599 -0.7854 -0.2618
1.0472 -0.7854 -0.2618
1.1345 -0.7854 -0.2618
1.2217 -0.7854 -0.2618
0.0000 -0.7854 -0.1745
0.0873 -0.7854 -0.1745
0.1745 -0.7854 -0.1745
0.2618 -0.7854 -0.1745
0.3491 -0.7854 -0.1745
0.4363 -0.7854 -0.1745
0.5236 -0.7854 -0.1745
0.6109 -0.7854 -0.1745
0.6981 -0.7854 -0.1745
0.7854 -0.7854 -0.1745
0.8727 -0.7854 -0.1745
0.9599 -0.7854 -0.1745
1.0472 -0.7854 -0.1745
1.1345 -0.7854 -0.1745
1.2217 -0.7854 -0.1745
0.0000 -0.7854 -0.0873
0.0873 -0.7854 -0.0873
0.1745 -0.7854 -0.0873
0.2618 -0.7854 -0.0873
0.3491 -0.7854 -0.0873
0.4363 -0.7854 -0.0873
0.5236 -0.7854 -0.0873
0.6109 -0.7854 -0.0873
0.6981 -0.7854 -0.0873
0.7854 -0.7854 -0.0873
0.8727 -0.7854 -0.0873
0.9599 -0.7854 -0.0873
1.0472 -0.7854 -0.0873
1.1345 -0.7854 -0.0873
1.2217 -0.7854 -0.0873
0.0000 -0.7854 0.0000
0.0873 -0.7854 0.0000
0.1745 -0.7854 0.0000
0.2618 -0.7854 0.0000
0.3491 -0.7854 0.0000
0.4363 -0.7854 0.0000
0.5236 -0.7854 0.0000
0.6109 -0.7854 0.0000
0.6981 -0.7854 0.0000
0.7854 -0.7854 0.0000
0.8727 -0.7854 0.0000
0.9599 -0.7854 0.0000
1.0472 -0.7854 0.0000
1.1345 -0.7854 0.0000
1.2217 -0.7854 0.0000
0.0000 -0.7854 0.0873
0.0873 -0.7854 0.0873
0.1745 -0.7854 0.0873
0.2618 -0.7854 0.0873
0.3491 -0.7854 0.0873
0.4363 -0.7854 0.0873
0.5236 -0.7854 0.0873
0.6109 -0.7854 0.0873
0.6981 -0.7854 0.0873
0.7854 -0.7854 0.0873
0.8727 -0.7854 0.0873
0.9599 -0.7854 0.0873
1.0472 -0.7854 0.0873
1.1345 -0.7854 0.0873
1.2217 -0.7854 0.0873
0.0000 -0.7854 0.1745
0.0873 -0.7854 0.1745
0.1745 -0.7854 0.1745
0.2618 -0.7854 0.1745
0.3491 -0.7854 0.1745
0.4363 -0.7854 0.1745
0.5236 -0.7854 0.1745
0.6109 -0.7854 0.1745
0.6981 -0.7854 0.1745
0.7854 -0.7854 0.1745
0.8727 -0.7854 0.1745
0.9599 -0.7854 0.1745
1.0472 -0.7854 0.1745
1.1345 -0.7854 0.1745
1.2217 -0.7854 0.1745
0.0000 -0.7854 0.2618
0.0873 -0.7854 0.2618
0.1745 -0.7854 0.2618
0.2618 -0.7854 0.2618
0.3491 -0.7854 0.2618
0.4363 -0.7854 0.2618
0.5236 -0.7854 0.2618
0.6109 -0.7854 0.2618
0.6981 -0.7854 0.2618
0.7854 -0.7854 0.2618
0.8727 -0.7854 0.2618
0.9599 -0.7854 0.2618
1.0472 -0.7854 0.2618
1.1345 -0.7854 0.2618
1.2217 -0.7854 0.2618
0.0000 -0.7854 0.3491
0.0873 -0.7854 0.3491
0.1745 -0.7854 0.3491
0.2618 -0.7854 0.3491
0.3491 -0.7854 0.3491
0.4363 -0.7854 0.3491
0.5236 -0.7854 0.3491
0.6109 -0.7854 0.3491
0.6981 -0.7854 0.3491
0.7854 -0.7854 0.3491
0.8727 -0.7854 0.3491
0.9599 -0.7854 0.3491
1.0472 -0.7854 0.3491
1.1345 -0.7854 0.3491
1.2217 -0.7854 0.3491
0.0000 -0.7854 0.4363
0.0873 -0.7854 0.4363
0.1745 -0.7854 0.4363
0.2618 -0.7854 0.4363
0.3491 -0.7854 0.4363
0.4363 -0.7854 0.4363
0.5236 -0.7854 0.4363
0.6109 -0.7854 0.4363
0.6981 -0.7854 0.4363
0.7854 -0.7854 0.4363
0.8727 -0.7854 0.4363
0.9599 -0.7854 0.4363
1.0472 -0.7854 0.4363
1.1345 -0.7854 0.4363
1.2217 -0.7854 0.4363
0.0000 -0.6981 -0.4363
0.0873 -0.6981 -0.4363
0.1745 -0.6981 -0.4363
0.2618 -0.6981 -0.4363
0.3491 -0.6981 -0.4363
0.4363 -0.6981 -0.4363
0.5236 -0.6981 -0.4363
0.6109 -0.6981 -0.4363
0.6981 -0.6981 -0.4363
0.7854 -0.6981 -0.4363
0.8727 -0.6981 -0.4363
0.9599 -0.6981 -0.4363
1.0472 -0.6981 -0.4363
1.1345 -0.6981 -0.4363
1.2217 -0.6981 -0.4363
0.0000 -0.6981 -0.3491
0.0873 -0.6981 -0.3491
0.1745 -0.6981 -0.3491
0.2618 -0.6981 -0.3491
0.3491 -0.6981 -0.3491
0.4363 -0.6981 -0.3491
0.5236 -0.6981 -0.3491
0.6109 -0.6981 -0.3491
0.6981 -0.6981 -0.3491
0.7854 -0.6981 -0.3491
0.8727 -0.6981 -0.3491
0.9599 -0.6981 -0.3491
1.0472 -0.6981 -0.3491
1.1345 -0.6981 -0.3491
1.2217 -0.6981 -0.3491
0.0000 -0.6981 -0.2618
0.0873 -0.6981 -0.2618
0.1745 -0.6981 -0.2618
0.2618 -0.6981 -0.2618
0.3491 -0.6981 -0.2618
0.4363 -0.6981 -0.2618
0.5236 -0.6981 -0.2618
0.6109 -0.6981 -0.2618
0.6981 -0.6981 -0.2618
0.7854 -0.6981 -0.2618
0.8727 -0.6981 -0.2618
0.9599 -0.6981 -0.2618
1.0472 -0.6981 -0.2618
1.1345 -0.6981 -0.2618
1.2217 -0.6981 -0.2618
0.0000 -0.6981 -0.1745
0.0873 -0.6981 -0.1745
0.1745 -0.6981 -0.1745
0.2618 -0.6981 -0.1745
0.3491 -0.6981 -0.1745
0.4363 -0.6981 -0.1745
0.5236 -0.6981 -0.1745
0.6109 -0.6981 -0.1745
0.6981 -0.6981 -0.1745
0.7854 -0.6981 -0.1745
0.8727 -0.6981 -0.1745
0.9599 -0.6981 -0.1745
1.0472 -0.6981 -0.1745
1.1345 -0.6981 -0.1745
1.2217 -0.6981 -0.1745
0.0000 -0.6981 -0.0873
0.0873 -0.6981 -0.0873
0.1745 -0.6981 -0.0873
0.2618 -0.6981 -0.0873
0.3491 -0.6981 -0.0873
0.4363 -0.6981 -0.0873
0.5236 -0.6981 -0.0873
0.6109 -0.6981 -0.0873
0.6981 -0.6981 -0.0873
0.7854 -0.6981 -0.0873
0.8727 -0.6981 -0.0873
0.9599 -0.6981 -0.0873
1.0472 -0.6981 -0.0873
1.1345 -0.6981 -0.0873
1.2217 -0.6981 -0.0873
0.0000 -0.6981 0.0000
0.0873 -0.6981 0.0000
0.1745 -0.6981 0.0000
0.2618 -0.6981 0.0000
0.3491 -0.6981 0.0000
0.4363 -0.6981 0.0000
0.5236 -0.6981 0.0000
0.6109 -0.6981 0.0000
0.6981 -0.6981 0.0000
0.7854 -0.6981 0.0000
0.8727 -0.6981 0.0000
0.9599 -0.6981 0.0000
1.0472 -0.6981 0.0000
1.1345 -0.6981 0.0000
1.2217 -0.6981 0.0000
0.0000 -0.6981 0.0873
0.0873 -0.6981 0.0873
0.1745 -0.6981 0.0873
0.2618 -0.6981 0.0873
0.3491 -0.6981 0.0873
0.4363 -0.6981 0.0873
0.5236 -0.6981 0.0873
0.6109 -0.6981 0.0873
0.6981 -0.6981 0.0873
0.7854 -0.6981 0.0873
0.8727 -0.6981 0.0873
0.9599 -0.6981 0.0873
1.0472 -0.6981 0.0873
1.1345 -0.6981 0.0873
1.2217 -0.6981 0.0873
0.0000 -0.6981 0.1745
0.0873 -0.6981 0.1745
0.1745 -0.6981 0.1745
0.2618 -0.6981 0.1745
0.3491 -0.6981 0.1745
0.4363 -0.6981 0.1745
0.5236 -0.6981 0.1745
0.6109 -0.6981 0.1745
0.6981 -0.6981 0.1745
0.7854 -0.6981 0.1745
0.8727 -0.6981 0.1745
0.9599 -0.6981 0.1745
1.0472 -0.6981 0.1745
1.1345 -0.6981 0.1745
1.2217 -0.6981 0.1745
0.0000 -0.6981 0.2618
0.0873 -0.6981 0.2618
0.1745 -0.6981 0.2618
0.2618 -0.6981 0.2618
0.3491 -0.6981 0.2618
0.4363 -0.6981 0.2618
0.5236 -0.6981 0.2618
0.6109 -0.6981 0.2618
0.6981 -0.6981 0.2618
0.7854 -0.6981 0.2618
0.8727 -0.6981 0.2618
0.9599 -0.6981 0.2618
1.0472 -0.6981 0.2618
1.1345 -0.6981 0.2618
1.2217 -0.6981 0.2618
0.0000 -0.6981 0.3491
0.0873 -0.6981 0.3491
0.1745 -0.6981 0.3491
0.2618 -0.6981 0.3491
0.3491 -0.6981 0.3491
0.4363 -0.6981 0.3491
0.5236 -0.6981 0.3491
0.6109 -0.6981 0.3491
0.6981 -0.6981 0.3491
0.7854 -0.6981 0.3491
0.8727 -0.6981 0.3491
0.9599 -0.6981 0.3491
1.0472 -0.6981 0.3491
1.1345 -0.6981 0.3491
1.2217 -0.6981 0.3491
0.0000 -0.6981 0.4363
0.0873 -0.6981 0.4363
0.1745 -0.6981 0.4363
0.2618 -0.6981 0.4363
0.3491 -0.6981 0.4363
0.4363 -0.6981 0.4363
0.5236 -0.6981 0.4363
0.6109 -0.6981 0.4363
0.6981 -0.6981 0.4363
0.7854 -0.6981 0.4363
0.8727 -0.6981 0.4363
0.9599 -0.6981 0.4363
1.0472 -0.6981 0.4363
1.1345 -0.6981 0.4363
1.2217 -0.6981 0.4363
0.0000 -0.6109 -0.4363
0.0873 -0.6109 -0.4363
0.1745 -0.6109 -0.4363
0.2618 -0.6109 -0.4363
0.3491 -0.6109 -0.4363
0.4363 -0.6109 -0.4363
0.5236 -0.6109 -0.4363
0.6109 -0.6109 -0.4363
0.6981 -0.6109 -0.4363
0.7854 -0.6109 -0.4363
0.8727 -0.6109 -0.4363
0.9599 -0.6109 -0.4363
1.0472 -0.6109 -0.4363
1.1345 -0.6109 -0.4363
1.2217 -0.6109 -0.4363
0.0000 -0.6109 -0.3491
0.0873 -0.6109 -0.3491
0.1745 -0.6109 -0.3491
0.2618 -0.6109 -0.3491
0.3491 -0.6109 -0.3491
0.4363 -0.6109 -0.3491
0.5236 -0.6109 -0.3491
0.6109 -0.6109 -0.3491
0.6981 -0.6109 -0.3491
0.7854 -0.6109 -0.3491
0.8727 -0.6109 -0.3491
0.9599 -0.6109 -0.3491
1.0472 -0.6109 -0.3491
1.1345 -0.6109 -0.3491
1.2217 -0.6109 -0.3491
0.0000 -0.6109 -0.2618
0.0873 -0.6109 -0.2618
0.1745 -0.6109 -0.2618
0.2618 -0.6109 -0.2618
0.3491 -0.6109 -0.2618
0.4363 -0.6109 -0.2618
0.5236 -0.6109 -0.2618
0.6109 -0.6109 -0.2618
0.6981 -0.6109 -0.2618
0.7854 -0.6109 -0.2618
0.8727 -0.6109 -0.2618
0.9599 -0.6109 -0.2618
1.0472 -0.6109 -0.2618
1.1345 -0.6109 -0.2618
1.2217 -0.6109 -0.2618
0.0000 -0.6109 -0.1745
0.0873 -0.6109 -0.1745
0.1745 -0.6109 -0.1745
0.2618 -0.6109 -0.1745
0.3491 -0.6109 -0.1745
0.4363 -0.6109 -0.1745
0.5236 -0.6109 -0.1745
0.6109 -0.6109 -0.1745
0.6981 -0.6109 -0.1745
0.7854 -0.6109 -0.1745
0.8727 -0.6109 -0.1745
0.9599 -0.6109 -0.1745
1.0472 -0.6109 -0.1745
1.1345 -0.6109 -0.1745
1.2217 -0.6109 -0.1745
0.0000 -0.6109 -0.0873
0.0873 -0.6109 -0.0873
0.1745 -0.6109 -0.0873
0.2618 -0.6109 -0.0873
0.3491 -0.6109 -0.0873
0.4363 -0.6109 -0.0873
0.5236 -0.6109 -0.0873
0.6109 -0.6109 -0.0873
0.6981 -0.6109 -0.0873
0.7854 -0.6109 -0.0873
0.8727 -0.6109 -0.0873
0.9599 -0.6109 -0.0873
1.0472 -0.6109 -0.0873
1.1345 -0.6109 -0.0873
1.2217 -0.6109 -0.0873
0.0000 -0.6109 0.0000
0.0873 -0.6109 0.0000
0.1745 -0.6109 0.0000
0.2618 -0.6109 0.0000
0.3491 -0.6109 0.0000
0.4363 -0.6109 0.0000
0.5236 -0.6109 0.0000
0.6109 -0.6109 0.0000
0.6981 -0.6109 0.0000
0.7854 -0.6109 0.0000
0.8727 -0.6109 0.0000
0.9599 -0.6109 0.0000
1.0472 -0.6109 0.0000
1.1345 -0.6109 0.0000
1.2217 -0.6109 0.0000
0.0000 -0.6109 0.0873
0.0873 -0.6109 0.0873
0.1745 -0.6109 0.0873
0.2618 -0.6109 0.0873
0.3491 -0.6109 0.0873
0.4363 -0.6109 0.0873
0.5236 -0.6109 0.0873
0.6109 -0.6109 0.0873
0.6981 -0.6109 0.0873
0.7854 -0.6109 0.0873
0.8727 -0.6109 0.0873
0.9599 -0.6109 0.0873
1.0472 -0.6109 0.0873
1.1345 -0.6109 0.0873
1.2217 -0.6109 0.0873
0.0000 -0.6109 0.1745
0.0873 -0.6109 0.1745
0.1745 -0.6109 0.1745
0.2618 -0.6109 0.1745
0.3491 -0.6109 0.1745
0.4363 -0.6109 0.1745
0.5236 -0.6109 0.1745
0.6109 -0.6109 0.1745
0.6981 -0.6109 0.1745
0.7854 -0.6109 0.1745
0.8727 -0.6109 0.1745
0.9599 -0.6109 0.1745
1.0472 -0.6109 0.1745
1.1345 -0.6109 0.1745
1.2217 -0.6109 0.1745
0.0000 -0.6109 0.2618
0.0873 -0.6109 0.2618
0.1745 -0.6109 0.2618
0.2618 -0.6109 0.2618
0.3491 -0.6109 0.2618
0.4363 -0.6109 0.2618
0.5236 -0.6109 0.2618
0.6109 -0.6109 0.2618
0.6981 -0.6109 0.2618
0.7854 -0.6109 0.2618
0.8727 -0.6109 0.2618
0.9599 -0.6109 0.2618
1.0472 -0.6109 0.2618
1.1345 -0.6109 0.2618
1.2217 -0.6109 0.2618
0.0000 -0.6109 0.3491
0.0873 -0.6109 0.3491
0.1745 -0.6109 0.3491
0.2618 -0.6109 0.3491
0.3491 -0.6109 0.3491
0.4363 -0.6109 0.3491
0.5236 -0.6109 0.3491
0.6109 -0.6109 0.3491
0.6981 -0.6109 0.3491
0.7854 -0.6109 0.3491
0.8727 -0.6109 0.3491
0.9599 -0.6109 0.3491
1.0472 -0.6109 0.3491
1.1345 -0.6109 0.3491
1.2217 -0.6109 0.3491
0.0000 -0.6109 0.4363
0.0873 -0.6109 0.4363
0.1745 -0.6109 0.4363
0.2618 -0.6109 0.4363
0.3491 -0.6109 0.4363
0.4363 -0.6109 0.4363
0.5236 -0.6109 0.4363
0.6109 -0.6109 0.4363
0.6981 -0.6109 0.4363
0.7854 -0.6109 0.4363
0.8727 -0.6109 0.4363
0.9599 -0.6109 0.4363
1.0472 -0.6109 0.4363
1.1345 -0.6109 0.4363
1.2217 -0.6109 0.4363
0.0000 -0.5236 -0.4363
0.0873 -0.5236 -0.4363
0.1745 -0.5236 -0.4363
0.2618 -0.5236 -0.4363
0.3491 -0.5236 -0.4363
0.4363 -0.5236 -0.4363
0.5236 -0.5236 -0.4363
0.6109 -0.5236 -0.4363
0.6981 -0.5236 -0.4363
0.7854 -0.5236 -0.4363
0.8727 -0.5236 -0.4363
0.9599 -0.5236 -0.4363
1.0472 -0.5236 -0.4363
1.1345 -0.5236 -0.4363
1.2217 -0.5236 -0.4363
0.0000 -0.5236 -0.3491
0.0873 -0.5236 -0.3491
0.1745 -0.5236 -0.3491
0.2618 -0.5236 -0.3491
0.3491 -0.5236 -0.3491
0.4363 -0.5236 -0.3491
0.5236 -0.5236 -0.3491
0.6109 -0.5236 -0.3491
0.6981 -0.5236 -0.3491
0.7854 -0.5236 -0.3491
0.8727 -0.5236 -0.3491
0.9599 -0.5236 -0.3491
1.0472 -0.5236 -0.3491
1.1345 -0.5236 -0.3491
1.2217 -0.5236 -0.3491
0.0000 -0.5236 -0.2618
0.0873 -0.5236 -0.2618
0.1745 -0.5236 -0.2618
0.2618 -0.5236 -0.2618
0.3491 -0.5236 -0.2618
0.4363 -0.5236 -0.2618
0.5236 -0.5236 -0.2618
0.6109 -0.5236 -0.2618
0.6981 -0.5236 -0.2618
0.7854 -0.5236 -0.2618
0.8727 -0.5236 -0.2618
0.9599 -0.5236 -0.2618
1.0472 -0.5236 -0.2618
1.1345 -0.5236 -0.2618
1.2217 -0.5236 -0.2618
0.0000 -0.5236 -0.1745
0.0873 -0.5236 -0.1745
0.1745 -0.5236 -0.1745
0.2618 -0.5236 -0.1745
0.3491 -0.5236 -0.1745
0.4363 -0.5236 -0.1745
0.5236 -0.5236 -0.1745
0.6109 -0.5236 -0.1745
0.6981 -0.5236 -0.1745
0.7854 -0.5236 -0.1745
0.8727 -0.5236 -0.1745
0.9599 -0.5236 -0.1745
1.0472 -0.5236 -0.1745
1.1345 -0.5236 -0.1745
1.2217 -0.5236 -0.1745
0.0000 -0.5236 -0.0873
0.0873 -0.5236 -0.0873
0.1745 -0.5236 -0.0873
0.2618 -0.5236 -0.0873
0.3491 -0.5236 -0.0873
0.4363 -0.5236 -0.0873
0.5236 -0.5236 -0.0873
0.6109 -0.5236 -0.0873
0.6981 -0.5236 -0.0873
0.7854 -0.5236 -0.0873
0.8727 -0.5236 -0.0873
0.9599 -0.5236 -0.0873
1.0472 -0.5236 -0.0873
1.1345 -0.5236 -0.0873
1.2217 -0.5236 -0.0873
0.0000 -0.5236 0.0000
0.0873 -0.5236 0.0000
0.1745 -0.5236 0.0000
0.2618 -0.5236 0.0000
0.3491 -0.5236 0.0000
0.4363 -0.5236 0.0000
0.5236 -0.5236 0.0000
0.6109 -0.5236 0.0000
0.6981 -0.5236 0.0000
0.7854 -0.5236 0.0000
0.8727 -0.5236 0.0000
0.9599 -0.5236 0.0000
1.0472 -0.5236 0.0000
1.1345 -0.5236 0.0000
1.2217 -0.5236 0.0000
0.0000 -0.5236 0.0873
0.0873 -0.5236 0.0873
0.1745 -0.5236 0.0873
0.2618 -0.5236 0.0873
0.3491 -0.5236 0.0873
0.4363 -0.5236 0.0873
0.5236 -0.5236 0.0873
0.6109 -0.5236 0.0873
0.6981 -0.5236 0.0873
0.7854 -0.5236 0.0873
0.8727 -0.5236 0.0873
0.9599 -0.5236 0.0873
1.0472 -0.5236 0.0873
1.1345 -0.5236 0.0873
1.2217 -0.5236 0.0873
0.0000 -0.5236 0.1745
0.0873 -0.5236 0.1745
0.1745 -0.5236 0.1745
0.2618 -0.5236 0.1745
0.3491 -0.5236 0.1745
0.4363 -0.5236 0.1745
0.5236 -0.5236 0.1745
0.6109 -0.5236 0.1745
0.6981 -0.5236 0.1745
0.7854 -0.5236 0.1745
0.8727 -0.5236 0.1745
0.9599 -0.5236 0.1745
1.0472 -0.5236 0.1745
1.1345 -0.5236 0.1745
1.2217 -0.5236 0.1745
0.0000 -0.5236 0.2618
0.0873 -0.5236 0.2618
0.1745 -0.5236 0.2618
0.2618 -0.5236 0.2618
0.3491 -0.5236 0.2618
0.4363 -0.5236 0.2618
0.5236 -0.5236 0.2618
0.6109 -0.5236 0.2618
0.6981 -0.5236 0.2618
0.7854 -0.5236 0.2618
0.8727 -0.5236 0.2618
0.9599 -0.5236 0.2618
1.0472 -0.5236 0.2618
1.1345 -0.5236 0.2618
1.2217 -0.5236 0.2618
0.0000 -0.5236 0.3491
0.0873 -0.5236 0.3491
0.1745 -0.5236 0.3491
0.2618 -0.5236 0.3491
0.3491 -0.5236 0.3491
0.4363 -0.5236 0.3491
0.5236 -0.5236 0.3491
0.6109 -0.5236 0.3491
0.6981 -0.5236 0.3491
0.7854 -0.5236 0.3491
0.8727 -0.5236 0.3491
0.9599 -0.5236 0.3491
1.0472 -0.5236 0.3491
1.1345 -0.5236 0.3491
1.2217 -0.5236 0.3491
0.0000 -0.5236 0.4363
0.0873 -0.5236 0.4363
0.1745 -0.5236 0.4363
0.2618 -0.5236 0.4363
0.3491 -0.5236 0.4363
0.4363 -0.5236 0.4363
0.5236 -0.5236 0.4363
0.6109 -0.5236 0.4363
0.6981 -0.5236 0.4363
0.7854 -0.5236 0.4363
0.8727 -0.5236 0.4363
0.9599 -0.5236 0.4363
1.0472 -0.5236 0.4363
1.1345 -0.5236 0.4363
1.2217 -0.5236 0.4363
0.0000 -0.4363 -0.4363
0.0873 -0.4363 -0.4363
0.1745 -0.4363 -0.4363
0.2618 -0.4363 -0.4363
0.3491 -0.4363 -0.4363
0.4363 -0.4363 -0.4363
0.5236 -0.4363 -0.4363
0.6109 -0.4363 -0.4363
0.6981 -0.4363 -0.4363
0.7854 -0.4363 -0.4363
0.8727 -0.4363 -0.4363
0.9599 -0.4363 -0.4363
1.0472 -0.4363 -0.4363
1.1345 -0.4363 -0.4363
1.2217 -0.4363 -0.4363
0.0000 -0.4363 -0.3491
0.0873 -0.4363 -0.3491
0.1745 -0.4363 -0.3491
0.2618 -0.4363 -0.3491
0.3491 -0.4363 -0.3491
0.4363 -0.4363 -0.3491
0.5236 -0.4363 -0.3491
0.6109 -0.4363 -0.3491
0.6981 -0.4363 -0.3491
0.7854 -0.4363 -0.3491
0.8727 -0.4363 -0.3491
0.9599 -0.4363 -0.3491
1.0472 -0.4363 -0.3491
1.1345 -0.4363 -0.3491
1.2217 -0.4363 -0.3491
0.0000 -0.4363 -0.2618
0.0873 -0.4363 -0.2618
0.1745 -0.4363 -0.2618
0.2618 -0.4363 -0.2618
0.3491 -0.4363 -0.2618
0.4363 -0.4363 -0.2618
0.5236 -0.4363 -0.2618
0.6109 -0.4363 -0.2618
0.6981 -0.4363 -0.2618
0.7854 -0.4363 -0.2618
0.8727 -0.4363 -0.2618
0.9599 -0.4363 -0.2618
1.0472 -0.4363 -0.2618
1.1345 -0.4363 -0.2618
1.2217 -0.4363 -0.2618
0.0000 -0.4363 -0.1745
0.0873 -0.4363 -0.1745
0.1745 -0.4363 -0.1745
0.2618 -0.4363 -0.1745
0.3491 -0.4363 -0.1745
0.4363 -0.4363 -0.1745
0.5236 -0.4363 -0.1745
0.6109 -0.4363 -0.1745
0.6981 -0.4363 -0.1745
0.7854 -0.4363 -0.1745
0.8727 -0.4363 -0.1745
0.9599 -0.4363 -0.1745
1.0472 -0.4363 -0.1745
1.1345 -0.4363 -0.1745
1.2217 -0.4363 -0.1745
0.0000 -0.4363 -0.0873
0.0873 -0.4363 -0.0873
0.1745 -0.4363 -0.0873
0.2618 -0.4363 -0.0873
0.3491 -0.4363 -0.0873
0.4363 -0.4363 -0.0873
0.5236 -0.4363 -0.0873
0.6109 -0.4363 -0.0873
0.6981 -0.4363 -0.0873
0.7854 -0.4363 -0.0873
0.8727 -0.4363 -0.0873
0.9599 -0.4363 -0.0873
1.0472 -0.4363 -0.0873
1.1345 -0.4363 -0.0873
1.2217 -0.4363 -0.0873
0.0000 -0.4363 0.0000
0.0873 -0.4363 0.0000
0.1745 -0.4363 0.0000
0.2618 -0.4363 0.0000
0.3491 -0.4363 0.0000
0.4363 -0.4363 0.0000
0.5236 -0.4363 0.0000
0.6109 -0.4363 0.0000
0.6981 -0.4363 0.0000
0.7854 -0.4363 0.0000
0.8727 -0.4363 0.0000
0.9599 -0.4363 0.0000
1.0472 -0.4363 0.0000
1.1345 -0.4363 0.0000
1.2217 -0.4363 0.0000
0.0000 -0.4363 0.0873
0.0873 -0.4363 0.0873
0.1745 -0.4363 0.0873
0.2618 -0.4363 0.0873
0.3491 -0.4363 0.0873
0.4363 -0.4363 0.0873
0.5236 -0.4363 0.0873
0.6109 -0.4363 0.0873
0.6981 -0.4363 0.0873
0.7854 -0.4363 0.0873
0.8727 -0.4363 0.0873
0.9599 -0.4363 0.0873
1.0472 -0.4363 0.0873
1.1345 -0.4363 0.0873
1.2217 -0.4363 0.0873
0.0000 -0.4363 0.1745
0.0873 -0.4363 0.1745
0.1745 -0.4363 0.1745
0.2618 -0.4363 0.1745
0.3491 -0.4363 0.1745
0.4363 -0.4363 0.1745
0.5236 -0.4363 0.1745
0.6109 -0.4363 0.1745
0.6981 -0.4363 0.1745
0.7854 -0.4363 0.1745
0.8727 -0.4363 0.1745
0.9599 -0.4363 0.1745
1.0472 -0.4363 0.1745
1.1345 -0.4363 0.1745
1.2217 -0.4363 0.1745
0.0000 -0.4363 0.2618
0.0873 -0.4363 0.2618
0.1745 -0.4363 0.2618
0.2618 -0.4363 0.2618
0.3491 -0.4363 0.2618
0.4363 -0.4363 0.2618
0.5236 -0.4363 0.2618
0.6109 -0.4363 0.2618
0.6981 -0.4363 0.2618
0.7854 -0.4363 0.2618
0.8727 -0.4363 0.2618
0.9599 -0.4363 0.2618
1.0472 -0.4363 0.2618
1.1345 -0.4363 0.2618
1.2217 -0.4363 0.2618
0.0000 -0.4363 0.3491
0.0873 -0.4363 0.3491
0.1745 -0.4363 0.3491
0.2618 -0.4363 0.3491
0.3491 -0.4363 0.3491
0.4363 -0.4363 0.3491
0.5236 -0.4363 0.3491
0.6109 -0.4363 0.3491
0.6981 -0.4363 0.3491
0.7854 -0.4363 0.3491
0.8727 -0.4363 0.3491
0.9599 -0.4363 0.3491
1.0472 -0.4363 0.3491
1.1345 -0.4363 0.3491
1.2217 -0.4363 0.3491
0.0000 -0.4363 0.4363
0.0873 -0.4363 0.4363
0.1745 -0.4363 0.4363
0.2618 -0.4363 0.4363
0.3491 -0.4363 0.4363
0.4363 -0.4363 0.4363
0.5236 -0.4363 0.4363
0.6109 -0.4363 0.4363
0.6981 -0.4363 0.4363
0.7854 -0.4363 0.4363
0.8727 -0.4363 0.4363
0.9599 -0.4363 0.4363
1.0472 -0.4363 0.4363
1.1345 -0.4363 0.4363
1.2217 -0.4363 0.4363
0.0000 -0.3491 -0.4363
0.0873 -0.3491 -0.4363
0.1745 -0.3491 -0.4363
0.2618 -0.3491 -0.4363
0.3491 -0.3491 -0.4363
0.4363 -0.3491 -0.4363
0.5236 -0.3491 -0.4363
0.6109 -0.3491 -0.4363
0.6981 -0.3491 -0.4363
0.7854 -0.3491 -0.4363
0.8727 -0.3491 -0.4363
0.9599 -0.3491 -0.4363
1.0472 -0.3491 -0.4363
1.1345 -0.3491 -0.4363
1.2217 -0.3491 -0.4363
0.0000 -0.3491 -0.3491
0.0873 -0.3491 -0.3491
0.1745 -0.3491 -0.3491
0.2618 -0.3491 -0.3491
0.3491 -0.3491 -0.3491
0.4363 -0.3491 -0.3491
0.5236 -0.3491 -0.3491
0.6109 -0.3491 -0.3491
0.6981 -0.3491 -0.3491
0.7854 -0.3491 -0.3491
0.8727 -0.3491 -0.3491
0.9599 -0.3491 -0.3491
1.0472 -0.3491 -0.3491
1.1345 -0.3491 -0.3491
1.2217 -0.3491 -0.3491
0.0000 -0.3491 -0.2618
0.0873 -0.3491 -0.2618
0.1745 -0.3491 -0.2618
0.2618 -0.3491 -0.2618
0.3491 -0.3491 -0.2618
0.4363 -0.3491 -0.2618
0.5236 -0.3491 -0.2618
0.6109 -0.3491 -0.2618
0.6981 -0.3491 -0.2618
0.7854 -0.3491 -0.2618
0.8727 -0.3491 -0.2618
0.9599 -0.3491 -0.2618
1.0472 -0.3491 -0.2618
1.1345 -0.3491 -0.2618
1.2217 -0.3491 -0.2618
0.0000 -0.3491 -0.1745
0.0873 -0.3491 -0.1745
0.1745 -0.3491 -0.1745
0.2618 -0.3491 -0.1745
0.3491 -0.3491 -0.1745
0.4363 -0.3491 -0.1745
0.5236 -0.3491 -0.1745
0.6109 -0.3491 -0.1745
0.6981 -0.3491 -0.1745
0.7854 -0.3491 -0.1745
0.8727 -0.3491 -0.1745
0.9599 -0.3491 -0.1745
1.0472 -0.3491 -0.1745
1.1345 -0.3491 -0.1745
1.2217 -0.3491 -0.1745
0.0000 -0.3491 -0.0873
0.0873 -0.3491 -0.0873
0.1745 -0.3491 -0.0873
0.2618 -0.3491 -0.0873
0.3491 -0.3491 -0.0873
0.4363 -0.3491 -0.0873
0.5236 -0.3491 -0.0873
0.6109 -0.3491 -0.0873
0.6981 -0.3491 -0.0873
0.7854 -0.3491 -0.0873
0.8727 -0.3491 -0.0873
0.9599 -0.3491 -0.0873
1.0472 -0.3491 -0.0873
1.1345 -0.3491 -0.0873
1.2217 -0.3491 -0.0873
0.0000 -0.3491 0.0000
0.0873 -0.3491 0.0000
0.1745 -0.3491 0.0000
0.2618 -0.3491 0.0000
0.3491 -0.3491 0.0000
0.4363 -0.3491 0.0000
0.5236 -0.3491 0.0000
0.6109 -0.3491 0.0000
0.6981 -0.3491 0.0000
0.7854 -0.3491 0.0000
0.8727 -0.3491 0.0000
0.9599 -0.3491 0.0000
1.0472 -0.3491 0.0000
1.1345 -0.3491 0.0000
1.2217 -0.3491 0.0000
0.0000 -0.3491 0.0873
0.0873 -0.3491 0.0873
0.1745 -0.3491 0.0873
0.2618 -0.3491 0.0873
0.3491 -0.3491 0.0873
0.4363 -0.3491 0.0873
0.5236 -0.3491 0.0873
0.6109 -0.3491 0.0873
0.6981 -0.3491 0.0873
0.7854 -0.3491 0.0873
0.8727 -0.3491 0.0873
0.9599 -0.3491 0.0873
1.0472 -0.3491 0.0873
1.1345 -0.3491 0.0873
1.2217 -0.3491 0.0873
0.0000 -0.3491 0.1745
0.0873 -0.3491 0.1745
0.1745 -0.3491 0.1745
0.2618 -0.3491 0.1745
0.3491 -0.3491 0.1745
0.4363 -0.3491 0.1745
0.5236 -0.3491 0.1745
0.6109 -0.3491 0.1745
0.6981 -0.3491 0.1745
0.7854 -0.3491 0.1745
0.8727 -0.3491 0.1745
0.9599 -0.3491 0.1745
1.0472 -0.3491 0.1745
1.1345 -0.3491 0.1745
1.2217 -0.3491 0.1745
0.0000 -0.3491 0.2618
0.0873 -0.3491 0.2618
0.1745 -0.3491 0.2618
0.2618 -0.3491 0.2618
0.3491 -0.3491 0.2618
0.4363 -0.3491 0.2618
0.5236 -0.3491 0.2618
0.6109 -0.3491 0.2618
0.6981 -0.3491 0.2618
0.7854 -0.3491 0.2618
0.8727 -0.3491 0.2618
0.9599 -0.3491 0.2618
1.0472 -0.3491 0.2618
1.1345 -0.3491 0.2618
1.2217 -0.3491 0.2618
0.0000 -0.3491 0.3491
0.0873 -0.3491 0.3491
0.1745 -0.3491 0.3491
0.2618 -0.3491 0.3491
0.3491 -0.3491 0.3491
0.4363 -0.3491 0.3491
0.5236 -0.3491 0.3491
0.6109 -0.3491 0.3491
0.6981 -0.3491 0.3491
0.7854 -0.3491 0.3491
0.8727 -0.3491 0.3491
0.9599 -0.3491 0.3491
1.0472 -0.3491 0.3491
1.1345 -0.3491 0.3491
1.2217 -0.3491 0.3491
0.0000 -0.3491 0.4363
0.0873 -0.3491 0.4363
0.1745 -0.3491 0.4363
0.2618 -0.3491 0.4363
0.3491 -0.3491 0.4363
0.4363 -0.3491 0.4363
0.5236 -0.3491 0.4363
0.6109 -0.3491 0.4363
0.6981 -0.3491 0.4363
0.7854 -0.3491 0.4363
0.8727 -0.3491 0.4363
0.9599 -0.3491 0.4363
1.0472 -0.3491 0.4363
1.1345 -0.3491 0.4363
1.2217 -0.3491 0.4363
0.0000 -0.2618 -0.4363
0.0873 -0.2618 -0.4363
0.1745 -0.2618 -0.4363
0.2618 -0.2618 -0.4363
0.3491 -0.2618 -0.4363
0.4363 -0.2618 -0.4363
0.5236 -0.2618 -0.4363
0.6109 -0.2618 -0.4363
0.6981 -0.2618 -0.4363
0.7854 -0.2618 -0.4363
0.8727 -0.2618 -0.4363
0.9599 -0.2618 -0.4363
1.0472 -0.2618 -0.4363
1.1345 -0.2618 -0.4363
1.2217 -0.2618 -0.4363
0.0000 -0.2618 -0.3491
0.0873 -0.2618 -0.3491
0.1745 -0.2618 -0.3491
0.2618 -0.2618 -0.3491
0.3491 -0.2618 -0.3491
0.4363 -0.2618 -0.3491
0.5236 -0.2618 -0.3491
0.6109 -0.2618 -0.3491
0.6981 -0.2618 -0.3491
0.7854 -0.2618 -0.3491
0.8727 -0.2618 -0.3491
0.9599 -0.2618 -0.3491
1.0472 -0.2618 -0.3491
1.1345 -0.2618 -0.3491
1.2217 -0.2618 -0.3491
0.0000 -0.2618 -0.2618
0.0873 -0.2618 -0.2618
0.1745 -0.2618 -0.2618
0.2618 -0.2618 -0.2618
0.3491 -0.2618 -0.2618
0.4363 -0.2618 -0.2618
0.5236 -0.2618 -0.2618
0.6109 -0.2618 -0.2618
0.6981 -0.2618 -0.2618
0.7854 -0.2618 -0.2618
0.8727 -0.2618 -0.2618
0.9599 -0.2618 -0.2618
1.0472 -0.2618 -0.2618
1.1345 -0.2618 -0.2618
1.2217 -0.2618 -0.2618
0.0000 -0.2618 -0.1745
0.0873 -0.2618 -0.1745
0.1745 -0.2618 -0.1745
0.2618 -0.2618 -0.1745
0.3491 -0.2618 -0.1745
0.4363 -0.2618 -0.1745
0.5236 -0.2618 -0.1745
0.6109 -0.2618 -0.1745
0.6981 -0.2618 -0.1745
0.7854 -0.2618 -0.1745
0.8727 -0.2618 -0.1745
0.9599 -0.2618 -0.1745
1.0472 -0.2618 -0.1745
1.1345 -0.2618 -0.1745
1.2217 -0.2618 -0.1745
0.0000 -0.2618 -0.0873
0.0873 -0.2618 -0.0873
0.1745 -0.2618 -0.0873
0.2618 -0.2618 -0.0873
0.3491 -0.2618 -0.0873
0.4363 -0.2618 -0.0873
0.5236 -0.2618 -0.0873
0.6109 -0.2618 -0.0873
0.6981 -0.2618 -0.0873
0.7854 -0.2618 -0.0873
0.8727 -0.2618 -0.0873
0.9599 -0.2618 -0.0873
1.0472 -0.2618 -0.0873
1.1345 -0.2618 -0.0873
1.2217 -0.2618 -0.0873
0.0000 -0.2618 0.0000
0.0873 -0.2618 0.0000
0.1745 -0.2618 0.0000
0.2618 -0.2618 0.0000
0.3491 -0.2618 0.0000
0.4363 -0.2618 0.0000
0.5236 -0.2618 0.0000
0.6109 -0.2618 0.0000
0.6981 -0.2618 0.0000
0.7854 -0.2618 0.0000
0.8727 -0.2618 0.0000
0.9599 -0.2618 0.0000
1.0472 -0.2618 0.0000
1.1345 -0.2618 0.0000
1.2217 -0.2618 0.0000
0.0000 -0.2618 0.0873
0.0873 -0.2618 0.0873
0.1745 -0.2618 0.0873
0.2618 -0.2618 0.0873
0.3491 -0.2618 0.0873
0.4363 -0.2618 0.0873
0.5236 -0.2618 0.0873
0.6109 -0.2618 0.0873
0.6981 -0.2618 0.0873
0.7854 -0.2618 0.0873
0.8727 -0.2618 0.0873
0.9599 -0.2618 0.0873
1.0472 -0.2618 0.0873
1.1345 -0.2618 0.0873
1.2217 -0.2618 0.0873
0.0000 -0.2618 0.1745
0.0873 -0.2618 0.1745
0.1745 -0.2618 0.1745
0.2618 -0.2618 0.1745
0.3491 -0.2618 0.1745
0.4363 -0.2618 0.1745
0.5236 -0.2618 0.1745
0.6109 -0.2618 0.1745
0.6981 -0.2618 0.1745
0.7854 -0.2618 0.1745
0.8727 -0.2618 0.1745
0.9599 -0.2618 0.1745
1.0472 -0.2618 0.1745
1.1345 -0.2618 0.1745
1.2217 -0.2618 0.1745
0.0000 -0.2618 0.2618
0.0873 -0.2618 0.2618
0.1745 -0.2618 0.2618
0.2618 -0.2618 0.2618
0.3491 -0.2618 0.2618
0.4363 -0.2618 0.2618
0.5236 -0.2618 0.2618
0.6109 -0.2618 0.2618
0.6981 -0.2618 0.2618
0.7854 -0.2618 0.2618
0.8727 -0.2618 0.2618
0.9599 -0.2618 0.2618
1.0472 -0.2618 0.2618
1.1345 -0.2618 0.2618
1.2217 -0.2618 0.2618
0.0000 -0.2618 0.3491
0.0873 -0.2618 0.3491
0.1745 -0.2618 0.3491
0.2618 -0.2618 0.3491
0.3491 -0.2618 0.3491
0.4363 -0.2618 0.3491
0.5236 -0.2618 0.3491
0.6109 -0.2618 0.3491
0.6981 -0.2618 0.3491
0.7854 -0.2618 0.3491
0.8727 -0.2618 0.3491
0.9599 -0.2618 0.3491
1.0472 -0.2618 0.3491
1.1345 -0.2618 0.3491
1.2217 -0.2618 0.3491
0.0000 -0.2618 0.4363
0.0873 -0.2618 0.4363
0.1745 -0.2618 0.4363
0.2618 -0.2618 0.4363
0.3491 -0.2618 0.4363
0.4363 -0.2618 0.4363
0.5236 -0.2618 0.4363
0.6109 -0.2618 0.4363
0.6981 -0.2618 0.4363
0.7854 -0.2618 0.4363
0.8727 -0.2618 0.4363
0.9599 -0.2618 0.4363
1.0472 -0.2618 0.4363
1.1345 -0.2618 0.4363
1.2217 -0.2618 0.4363
0.0000 -0.1745 -0.4363
0.0873 -0.1745 -0.4363
0.1745 -0.1745 -0.4363
0.2618 -0.1745 -0.4363
0.3491 -0.1745 -0.4363
0.4363 -0.1745 -0.4363
0.5236 -0.1745 -0.4363
0.6109 -0.1745 -0.4363
0.6981 -0.1745 -0.4363
0.7854 -0.1745 -0.4363
0.8727 -0.1745 -0.4363
0.9599 -0.1745 -0.4363
1.0472 -0.1745 -0.4363
1.1345 -0.1745 -0.4363
1.2217 -0.1745 -0.4363
0.0000 -0.1745 -0.3491
0.0873 -0.1745 -0.3491
0.1745 -0.1745 -0.3491
0.2618 -0.1745 -0.3491
0.3491 -0.1745 -0.3491
0.4363 -0.1745 -0.3491
0.5236 -0.1745 -0.3491
0.6109 -0.1745 -0.3491
0.6981 -0.1745 -0.3491
0.7854 -0.1745 -0.3491
0.8727 -0.1745 -0.3491
0.9599 -0.1745 -0.3491
1.0472 -0.1745 -0.3491
1.1345 -0.1745 -0.3491
1.2217 -0.1745 -0.3491
0.0000 -0.1745 -0.2618
0.0873 -0.1745 -0.2618
0.1745 -0.1745 -0.2618
0.2618 -0.1745 -0.2618
0.3491 -0.1745 -0.2618
0.4363 -0.1745 -0.2618
0.5236 -0.1745 -0.2618
0.6109 -0.1745 -0.2618
0.6981 -0.1745 -0.2618
0.7854 -0.1745 -0.2618
0.8727 -0.1745 -0.2618
0.9599 -0.1745 -0.2618
1.0472 -0.1745 -0.2618
1.1345 -0.1745 -0.2618
1.2217 -0.1745 -0.2618
0.0000 -0.1745 -0.1745
0.0873 -0.1745 -0.1745
0.1745 -0.1745 -0.1745
0.2618 -0.1745 -0.1745
0.3491 -0.1745 -0.1745
0.4363 -0.1745 -0.1745
0.5236 -0.1745 -0.1745
0.6109 -0.1745 -0.1745
0.6981 -0.1745 -0.1745
0.7854 -0.1745 -0.1745
0.8727 -0.1745 -0.1745
0.9599 -0.1745 -0.1745
1.0472 -0.1745 -0.1745
1.1345 -0.1745 -0.1745
1.2217 -0.1745 -0.1745
0.0000 -0.1745 -0.0873
0.0873 -0.1745 -0.0873
0.1745 -0.1745 -0.0873
0.2618 -0.1745 -0.0873
0.3491 -0.1745 -0.0873
0.4363 -0.1745 -0.0873
0.5236 -0.1745 -0.0873
0.6109 -0.1745 -0.0873
0.6981 -0.1745 -0.0873
0.7854 -0.1745 -0.0873
0.8727 -0.1745 -0.0873
0.9599 -0.1745 -0.0873
1.0472 -0.1745 -0.0873
1.1345 -0.1745 -0.0873
1.2217 -0.1745 -0.0873
0.0000 -0.1745 0.0000
0.0873 -0.1745 0.0000
0.1745 -0.1745 0.0000
0.2618 -0.1745 0.0000
0.3491 -0.1745 0.0000
0.4363 -0.1745 0.0000
0.5236 -0.1745 0.0000
0.6109 -0.1745 0.0000
0.6981 -0.1745 0.0000
0.7854 -0.1745 0.0000
0.8727 -0.1745 0.0000
0.9599 -0.1745 0.0000
1.0472 -0.1745 0.0000
1.1345 -0.1745 0.0000
1.2217 -0.1745 0.0000
0.0000 -0.1745 0.0873
0.0873 -0.1745 0.0873
0.1745 -0.1745 0.0873
0.2618 -0.1745 0.0873
0.3491 -0.1745 0.0873
0.4363 -0.1745 0.0873
0.5236 -0.1745 0.0873
0.6109 -0.1745 0.0873
0.6981 -0.1745 0.0873
0.7854 -0.1745 0.0873
0.8727 -0.1745 0.0873
0.9599 -0.1745 0.0873
1.0472 -0.1745 0.0873
1.1345 -0.1745 0.0873
1.2217 -0.1745 0.0873
0.0000 -0.1745 0.1745
0.0873 -0.1745 0.1745
0.1745 -0.1745 0.1745
0.2618 -0.1745 0.1745
0.3491 -0.1745 0.1745
0.4363 -0.1745 0.1745
0.5236 -0.1745 0.1745
0.6109 -0.1745 0.1745
0.6981 -0.1745 0.1745
0.7854 -0.1745 0.1745
0.8727 -0.1745 0.1745
0.9599 -0.1745 0.1745
1.0472 -0.1745 0.1745
1.1345 -0.1745 0.1745
1.2217 -0.1745 0.1745
0.0000 -0.1745 0.2618
0.0873 -0.1745 0.2618
0.1745 -0.1745 0.2618
0.2618 -0.1745 0.2618
0.3491 -0.1745 0.2618
0.4363 -0.1745 0.2618
0.5236 -0.1745 0.2618
0.6109 -0.1745 0.2618
0.6981 -0.1745 0.2618
0.7854 -0.1745 0.2618
0.8727 -0.1745 0.2618
0.9599 -0.1745 0.2618
1.0472 -0.1745 0.2618
1.1345 -0.1745 0.2618
1.2217 -0.1745 0.2618
0.0000 -0.1745 0.3491
0.0873 -0.1745 0.3491
0.1745 -0.1745 0.3491
0.2618 -0.1745 0.3491
0.3491 -0.1745 0.3491
0.4363 -0.1745 0.3491
0.5236 -0.1745 0.3491
0.6109 -0.1745 0.3491
0.6981 -0.1745 0.3491
0.7854 -0.1745 0.3491
0.8727 -0.1745 0.3491
0.9599 -0.1745 0.3491
1.0472 -0.1745 0.3491
1.1345 -0.1745 0.3491
1.2217 -0.1745 0.3491
0.0000 -0.1745 0.4363
0.0873 -0.1745 0.4363
0.1745 -0.1745 0.4363
0.2618 -0.1745 0.4363
0.3491 -0.1745 0.4363
0.4363 -0.1745 0.4363
0.5236 -0.1745 0.4363
0.6109 -0.1745 0.4363
0.6981 -0.1745 0.4363
0.7854 -0.1745 0.4363
0.8727 -0.1745 0.4363
0.9599 -0.1745 0.4363
1.0472 -0.1745 0.4363
1.1345 -0.1745 0.4363
1.2217 -0.1745 0.4363
0.0000 -0.0873 -0.4363
0.0873 -0.0873 -0.4363
0.1745 -0.0873 -0.4363
0.2618 -0.0873 -0.4363
0.3491 -0.0873 -0.4363
0.4363 -0.0873 -0.4363
0.5236 -0.0873 -0.4363
0.6109 -0.0873 -0.4363
0.6981 -0.0873 -0.4363
0.7854 -0.0873 -0.4363
0.8727 -0.0873 -0.4363
0.9599 -0.0873 -0.4363
1.0472 -0.0873 -0.4363
1.1345 -0.0873 -0.4363
1.2217 -0.0873 -0.4363
0.0000 -0.0873 -0.3491
0.0873 -0.0873 -0.3491
0.1745 -0.0873 -0.3491
0.2618 -0.0873 -0.3491
0.3491 -0.0873 -0.3491
0.4363 -0.0873 -0.3491
0.5236 -0.0873 -0.3491
0.6109 -0.0873 -0.3491
0.6981 -0.0873 -0.3491
0.7854 -0.0873 -0.3491
0.8727 -0.0873 -0.3491
0.9599 -0.0873 -0.3491
1.0472 -0.0873 -0.3491
1.1345 -0.0873 -0.3491
1.2217 -0.0873 -0.3491
0.0000 -0.0873 -0.2618
0.0873 -0.0873 -0.2618
0.1745 -0.0873 -0.2618
0.2618 -0.0873 -0.2618
0.3491 -0.0873 -0.2618
0.4363 -0.0873 -0.2618
0.5236 -0.0873 -0.2618
0.6109 -0.0873 -0.2618
0.6981 -0.0873 -0.2618
0.7854 -0.0873 -0.2618
0.8727 -0.0873 -0.2618
0.9599 -0.0873 -0.2618
1.0472 -0.0873 -0.2618
1.1345 -0.0873 -0.2618
1.2217 -0.0873 -0.2618
0.0000 -0.0873 -0.1745
0.0873 -0.0873 -0.1745
0.1745 -0.0873 -0.1745
0.2618 -0.0873 -0.1745
0.3491 -0.0873 -0.1745
0.4363 -0.0873 -0.1745
0.5236 -0.0873 -0.1745
0.6109 -0.0873 -0.1745
0.6981 -0.0873 -0.1745
0.7854 -0.0873 -0.1745
0.8727 -0.0873 -0.1745
0.9599 -0.0873 -0.1745
1.0472 -0.0873 -0.1745
1.1345 -0.0873 -0.1745
1.2217 -0.0873 -0.1745
0.0000 -0.0873 -0.0873
0.0873 -0.0873 -0.0873
0.1745 -0.0873 -0.0873
0.2618 -0.0873 -0.0873
0.3491 -0.0873 -0.0873
0.4363 -0.0873 -0.0873
0.5236 -0.0873 -0.0873
0.6109 -0.0873 -0.0873
0.6981 -0.0873 -0.0873
0.7854 -0.0873 -0.0873
0.8727 -0.0873 -0.0873
0.9599 -0.0873 -0.0873
1.0472 -0.0873 -0.0873
1.1345 -0.0873 -0.0873
1.2217 -0.0873 -0.0873
0.0000 -0.0873 0.0000
0.0873 -0.0873 0.0000
0.1745 -0.0873 0.0000
0.2618 -0.0873 0.0000
0.3491 -0.0873 0.0000
0.4363 -0.0873 0.0000
0.5236 -0.0873 0.0000
0.6109 -0.0873 0.0000
0.6981 -0.0873 0.0000
0.7854 -0.0873 0.0000
0.8727 -0.0873 0.0000
0.9599 -0.0873 0.0000
1.0472 -0.0873 0.0000
1.1345 -0.0873 0.0000
1.2217 -0.0873 0.0000
0.0000 -0.0873 0.0873
0.0873 -0.0873 0.0873
0.1745 -0.0873 0.0873
0.2618 -0.0873 0.0873
0.3491 -0.0873 0.0873
0.4363 -0.0873 0.0873
0.5236 -0.0873 0.0873
0.6109 -0.0873 0.0873
0.6981 -0.0873 0.0873
0.7854 -0.0873 0.0873
0.8727 -0.0873 0.0873
0.9599 -0.0873 0.0873
1.0472 -0.0873 0.0873
1.1345 -0.0873 0.0873
1.2217 -0.0873 0.0873
0.0000 -0.0873 0.1745
0.0873 -0.0873 0.1745
0.1745 -0.0873 0.1745
0.2618 -0.0873 0.1745
0.3491 -0.0873 0.1745
0.4363 -0.0873 0.1745
0.5236 -0.0873 0.1745
0.6109 -0.0873 0.1745
0.6981 -0.0873 0.1745
0.7854 -0.0873 0.1745
0.8727 -0.0873 0.1745
0.9599 -0.0873 0.1745
1.0472 -0.0873 0.1745
1.1345 -0.0873 0.1745
1.2217 -0.0873 0.1745
0.0000 -0.0873 0.2618
0.0873 -0.0873 0.2618
0.1745 -0.0873 0.2618
0.2618 -0.0873 0.2618
0.3491 -0.0873 0.2618
0.4363 -0.0873 0.2618
0.5236 -0.0873 0.2618
0.6109 -0.0873 0.2618
0.6981 -0.0873 0.2618
0.7854 -0.0873 0.2618
0.8727 -0.0873 0.2618
0.9599 -0.0873 0.2618
1.0472 -0.0873 0.2618
1.1345 -0.0873 0.2618
1.2217 -0.0873 0.2618
0.0000 -0.0873 0.3491
0.0873 -0.0873 0.3491
0.1745 -0.0873 0.3491
0.2618 -0.0873 0.3491
0.3491 -0.0873 0.3491
0.4363 -0.0873 0.3491
0.5236 -0.0873 0.3491
0.6109 -0.0873 0.3491
0.6981 -0.0873 0.3491
0.7854 -0.0873 0.3491
0.8727 -0.0873 0.3491
0.9599 -0.0873 0.3491
1.0472 -0.0873 0.3491
1.1345 -0.0873 0.3491
1.2217 -0.0873 0.3491
0.0000 -0.0873 0.4363
0.0873 -0.0873 0.4363
0.1745 -0.0873 0.4363
0.2618 -0.0873 0.4363
0.3491 -0.0873 0.4363
0.4363 -0.0873 0.4363
0.5236 -0.0873 0.4363
0.6109 -0.0873 0.4363
0.6981 -0.0873 0.4363
0.7854 -0.0873 0.4363
0.8727 -0.0873 0.4363
0.9599 -0.0873 0.4363
1.0472 -0.0873 0.4363
1.1345 -0.0873 0.4363
1.2217 -0.0873 0.4363
0.0000 0.0000 -0.4363
0.0873 0.0000 -0.4363
0.1745 0.0000 -0.4363
0.2618 0.0000 -0.4363
0.3491 0.0000 -0.4363
0.4363 0.0000 -0.4363
0.5236 0.0000 -0.4363
0.6109 0.0000 -0.4363
0.6981 0.0000 -0.4363
0.7854 0.0000 -0.4363
0.8727 0.0000 -0.4363
0.9599 0.0000 -0.4363
1.0472 0.0000 -0.4363
1.1345 0.0000 -0.4363
1.2217 0.0000 -0.4363
0.0000 0.0000 -0.3491
0.0873 0.0000 -0.3491
0.1745 0.0000 -0.3491
0.2618 0.0000 -0.3491
0.3491 0.0000 -0.3491
0.4363 0.0000 -0.3491
0.5236 0.0000 -0.3491
0.6109 0.0000 -0.3491
0.6981 0.0000 -0.3491
0.7854 0.0000 -0.3491
0.8727 0.0000 -0.3491
0.9599 0.0000 -0.3491
1.0472 0.0000 -0.3491
1.1345 0.0000 -0.3491
1.2217 0.0000 -0.3491
0.0000 0.0000 -0.2618
0.0873 0.0000 -0.2618
0.1745 0.0000 -0.2618
0.2618 0.0000 -0.2618
0.3491 0.0000 -0.2618
0.4363 0.0000 -0.2618
0.5236 0.0000 -0.2618
0.6109 0.0000 -0.2618
0.6981 0.0000 -0.2618
0.7854 0.0000 -0.2618
0.8727 0.0000 -0.2618
0.9599 0.0000 -0.2618
1.0472 0.0000 -0.2618
1.1345 0.0000 -0.2618
1.2217 0.0000 -0.2618
0.0000 0.0000 -0.1745
0.0873 0.0000 -0.1745
0.1745 0.0000 -0.1745
0.2618 0.0000 -0.1745
0.3491 0.0000 -0.1745
0.4363 0.0000 -0.1745
0.5236 0.0000 -0.1745
0.6109 0.0000 -0.1745
0.6981 0.0000 -0.1745
0.7854 0.0000 -0.1745
0.8727 0.0000 -0.1745
0.9599 0.0000 -0.1745
1.0472 0.0000 -0.1745
1.1345 0.0000 -0.1745
1.2217 0.0000 -0.1745
0.0000 0.0000 -0.0873
0.0873 0.0000 -0.0873
0.1745 0.0000 -0.0873
0.2618 0.0000 -0.0873
0.3491 0.0000 -0.0873
0.4363 0.0000 -0.0873
0.5236 0.0000 -0.0873
0.6109 0.0000 -0.0873
0.6981 0.0000 -0.0873
0.7854 0.0000 -0.0873
0.8727 0.0000 -0.0873
0.9599 0.0000 -0.0873
1.0472 0.0000 -0.0873
1.1345 0.0000 -0.0873
1.2217 0.0000 -0.0873
0.0000 0.0000 0.0000
0.0873 0.0000 0.0000
0.1745 0.0000 0.0000
0.2618 0.0000 0.0000
0.3491 0.0000 0.0000
0.4363 0.0000 0.0000
0.5236 0.0000 0.0000
0.6109 0.0000 0.0000
0.6981 0.0000 0.0000
0.7854 0.0000 0.0000
0.8727 0.0000 0.0000
0.9599 0.0000 0.0000
1.0472 0.0000 0.0000
1.1345 0.0000 0.0000
1.2217 0.0000 0.0000
0.0000 0.0000 0.0873
0.0873 0.0000 0.0873
0.1745 0.0000 0.0873
0.2618 0.0000 0.0873
0.3491 0.0000 0.0873
0.4363 0.0000 0.0873
0.5236 0.0000 0.0873
0.6109 0.0000 0.0873
0.6981 0.0000 0.0873
0.7854 0.0000 0.0873
0.8727 0.0000 0.0873
0.9599 0.0000 0.0873
1.0472 0.0000 0.0873
1.1345 0.0000 0.0873
1.2217 0.0000 0.0873
0.0000 0.0000 0.1745
0.0873 0.0000 0.1745
0.1745 0.0000 0.1745
0.2618 0.0000 0.1745
0.3491 0.0000 0.1745
0.4363 0.0000 0.1745
0.5236 0.0000 0.1745
0.6109 0.0000 0.1745
0.6981 0.0000 0.1745
0.7854 0.0000 0.1745
0.8727 0.0000 0.1745
0.9599 0.0000 0.1745
1.0472 0.0000 0.1745
1.1345 0.0000 0.1745
1.2217 0.0000 0.1745
0.0000 0.0000 0.2618
0.0873 0.0000 0.2618
0.1745 0.0000 0.2618
0.2618 0.0000 0.2618
0.3491 0.0000 0.2618
0.4363 0.0000 0.2618
0.5236 0.0000 0.2618
0.6109 0.0000 0.2618
0.6981 0.0000 0.2618
0.7854 0.0000 0.2618
0.8727 0.0000 0.2618
0.9599 0.0000 0.2618
1.0472 0.0000 0.2618
1.1345 0.0000 0.2618
1.2217 0.0000 0.2618
0.0000 0.0000 0.3491
0.0873 0.0000 0.3491
0.1745 0.0000 0.3491
0.2618 0.0000 0.3491
0.3491 0.0000 0.3491
0.4363 0.0000 0.3491
0.5236 0.0000 0.3491
0.6109 0.0000 0.3491
0.6981 0.0000 0.3491
0.7854 0.0000 0.3491
0.8727 0.0000 0.3491
0.9599 0.0000 0.3491
1.0472 0.0000 0.3491
1.1345 0.0000 0.3491
1.2217 0.0000 0.3491
0.0000 0.0000 0.4363
0.0873 0.0000 0.4363
0.1745 0.0000 0.4363
0.2618 0.0000 0.4363
0.3491 0.0000 0.4363
0.4363 0.0000 0.4363
0.5236 0.0000 0.4363
0.6109 0.0000 0.4363
0.6981 0.0000 0.4363
0.7854 0.0000 0.4363
0.8727 0.0000 0.4363
0.9599 0.0000 0.4363
1.0472 0.0000 0.4363
1.1345 0.0000 0.4363
1.2217 0.0000 0.4363
0.0000 0.0873 -0.4363
0.0873 0.0873 -0.4363
0.1745 0.0873 -0.4363
0.2618 0.0873 -0.4363
0.3491 0.0873 -0.4363
0.4363 0.0873 -0.4363
0.5236 0.0873 -0.4363
0.6109 0.0873 -0.4363
0.6981 0.0873 -0.4363
0.7854 0.0873 -0.4363
0.8727 0.0873 -0.4363
0.9599 0.0873 -0.4363
1.0472 0.0873 -0.4363
1.1345 0.0873 -0.4363
1.2217 0.0873 -0.4363
0.0000 0.0873 -0.3491
0.0873 0.0873 -0.3491
0.1745 0.0873 -0.3491
0.2618 0.0873 -0.3491
0.3491 0.0873 -0.3491
0.4363 0.0873 -0.3491
0.5236 0.0873 -0.3491
0.6109 0.0873 -0.3491
0.6981 0.0873 -0.3491
0.7854 0.0873 -0.3491
0.8727 0.0873 -0.3491
0.9599 0.0873 -0.3491
1.0472 0.0873 -0.3491
1.1345 0.0873 -0.3491
1.2217 0.0873 -0.3491
0.0000 0.0873 -0.2618
0.0873 0.0873 -0.2618
0.1745 0.0873 -0.2618
0.2618 0.0873 -0.2618
0.3491 0.0873 -0.2618
0.4363 0.0873 -0.2618
0.5236 0.0873 -0.2618
0.6109 0.0873 -0.2618
0.6981 0.0873 -0.2618
0.7854 0.0873 -0.2618
0.8727 0.0873 -0.2618
0.9599 0.0873 -0.2618
1.0472 0.0873 -0.2618
1.1345 0.0873 -0.2618
1.2217 0.0873 -0.2618
0.0000 0.0873 -0.1745
0.0873 0.0873 -0.1745
0.1745 0.0873 -0.1745
0.2618 0.0873 -0.1745
0.3491 0.0873 -0.1745
0.4363 0.0873 -0.1745
0.5236 0.0873 -0.1745
0.6109 0.0873 -0.1745
0.6981 0.0873 -0.1745
0.7854 0.0873 -0.1745
0.8727 0.0873 -0.1745
0.9599 0.0873 -0.1745
1.0472 0.0873 -0.1745
1.1345 0.0873 -0.1745
1.2217 0.0873 -0.1745
0.0000 0.0873 -0.0873
0.0873 0.0873 -0.0873
0.1745 0.0873 -0.0873
0.2618 0.0873 -0.0873
0.3491 0.0873 -0.0873
0.4363 0.0873 -0.0873
0.5236 0.0873 -0.0873
0.6109 0.0873 -0.0873
0.6981 0.0873 -0.0873
0.7854 0.0873 -0.0873
0.8727 0.0873 -0.0873
0.9599 0.0873 -0.0873
1.0472 0.0873 -0.0873
1.1345 0.0873 -0.0873
1.2217 0.0873 -0.0873
0.0000 0.0873 0.0000
0.0873 0.0873 0.0000
0.1745 0.0873 0.0000
0.2618 0.0873 0.0000
0.3491 0.0873 0.0000
0.4363 0.0873 0.0000
0.5236 0.0873 0.0000
0.6109 0.0873 0.0000
0.6981 0.0873 0.0000
0.7854 0.0873 0.0000
0.8727 0.0873 0.0000
0.9599 0.0873 0.0000
1.0472 0.0873 0.0000
1.1345 0.0873 0.0000
1.2217 0.0873 0.0000
0.0000 0.0873 0.0873
0.0873 0.0873 0.0873
0.1745 0.0873 0.0873
0.2618 0.0873 0.0873
0.3491 0.0873 0.0873
0.4363 0.0873 0.0873
0.5236 0.0873 0.0873
0.6109 0.0873 0.0873
0.6981 0.0873 0.0873
0.7854 0.0873 0.0873
0.8727 0.0873 0.0873
0.9599 0.0873 0.0873
1.0472 0.0873 0.0873
1.1345 0.0873 0.0873
1.2217 0.0873 0.0873
0.0000 0.0873 0.1745
0.0873 0.0873 0.1745
0.1745 0.0873 0.1745
0.2618 0.0873 0.1745
0.3491 0.0873 0.1745
0.4363 0.0873 0.1745
0.5236 0.0873 0.1745
0.6109 0.0873 0.1745
0.6981 0.0873 0.1745
0.7854 0.0873 0.1745
0.8727 0.0873 0.1745
0.9599 0.0873 0.1745
1.0472 0.0873 0.1745
1.1345 0.0873 0.1745
1.2217 0.0873 0.1745
0.0000 0.0873 0.2618
0.0873 0.0873 0.2618
0.1745 0.0873 0.2618
0.2618 0.0873 0.2618
0.3491 0.0873 0.2618
0.4363 0.0873 0.2618
0.5236 0.0873 0.2618
0.6109 0.0873 0.2618
0.6981 0.0873 0.2618
0.7854 0.0873 0.2618
0.8727 0.0873 0.2618
0.9599 0.0873 0.2618
1.0472 0.0873 0.2618
1.1345 0.0873 0.2618
1.2217 0.0873 0.2618
0.0000 0.0873 0.3491
0.0873 0.0873 0.3491
0.1745 0.0873 0.3491
0.2618 0.0873 0.3491
0.3491 0.0873 0.3491
0.4363 0.0873 0.3491
0.5236 0.0873 0.3491
0.6109 0.0873 0.3491
0.6981 0.0873 0.3491
0.7854 0.0873 0.3491
0.8727 0.0873 0.3491
0.9599 0.0873 0.3491
1.0472 0.0873 0.3491
1.1345 0.0873 0.3491
1.2217 0.0873 0.3491
0.0000 0.0873 0.4363
0.0873 0.0873 0.4363
0.1745 0.0873 0.4363
0.2618 0.0873 0.4363
0.3491 0.0873 0.4363
0.4363 0.0873 0.4363
0.5236 0.0873 0.4363
0.6109 0.0873 0.4363
0.6981 0.0873 0.4363
0.7854 0.0873 0.4363
0.8727 0.0873 0.4363
0.9599 0.0873 0.4363
1.0472 0.0873 0.4363
1.1345 0.0873 0.4363
1.2217 0.0873 0.4363
0.0000 0.1745 -0.4363
0.0873 0.1745 -0.4363
0.1745 0.1745 -0.4363
0.2618 0.1745 -0.4363
0.3491 0.1745 -0.4363
0.4363 0.1745 -0.4363
0.5236 0.1745 -0.4363
0.6109 0.1745 -0.4363
0.6981 0.1745 -0.4363
0.7854 0.1745 -0.4363
0.8727 0.1745 -0.4363
0.9599 0.1745 -0.4363
1.0472 0.1745 -0.4363
1.1345 0.1745 -0.4363
1.2217 0.1745 -0.4363
0.0000 0.1745 -0.3491
0.0873 0.1745 -0.3491
0.1745 0.1745 -0.3491
0.2618 0.1745 -0.3491
0.3491 0.1745 -0.3491
0.4363 0.1745 -0.3491
0.5236 0.1745 -0.3491
0.6109 0.1745 -0.3491
0.6981 0.1745 -0.3491
0.7854 0.1745 -0.3491
0.8727 0.1745 -0.3491
0.9599 0.1745 -0.3491
1.0472 0.1745 -0.3491
1.1345 0.1745 -0.3491
1.2217 0.1745 -0.3491
0.0000 0.1745 -0.2618
0.0873 0.1745 -0.2618
0.1745 0.1745 -0.2618
0.2618 0.1745 -0.2618
0.3491 0.1745 -0.2618
0.4363 0.1745 -0.2618
0.5236 0.1745 -0.2618
0.6109 0.1745 -0.2618
0.6981 0.1745 -0.2618
0.7854 0.1745 -0.2618
0.8727 0.1745 -0.2618
0.9599 0.1745 -0.2618
1.0472 0.1745 -0.2618
1.1345 0.1745 -0.2618
1.2217 0.1745 -0.2618
0.0000 0.1745 -0.1745
0.0873 0.1745 -0.1745
0.1745 0.1745 -0.1745
0.2618 0.1745 -0.1745
0.3491 0.1745 -0.1745
0.4363 0.1745 -0.1745
0.5236 0.1745 -0.1745
0.6109 0.1745 -0.1745
0.6981 0.1745 -0.1745
0.7854 0.1745 -0.1745
0.8727 0.1745 -0.1745
0.9599 0.1745 -0.1745
1.0472 0.1745 -0.1745
1.1345 0.1745 -0.1745
1.2217 0.1745 -0.1745
0.0000 0.1745 -0.0873
0.0873 0.1745 -0.0873
0.1745 0.1745 -0.0873
0.2618 0.1745 -0.0873
0.3491 0.1745 -0.0873
0.4363 0.1745 -0.0873
0.5236 0.1745 -0.0873
0.6109 0.1745 -0.0873
0.6981 0.1745 -0.0873
0.7854 0.1745 -0.0873
0.8727 0.1745 -0.0873
0.9599 0.1745 -0.0873
1.0472 0.1745 -0.0873
1.1345 0.1745 -0.0873
1.2217 0.1745 -0.0873
0.0000 0.1745 0.0000
0.0873 0.1745 0.0000
0.1745 0.1745 0.0000
0.2618 0.1745 0.0000
0.3491 0.1745 0.0000
0.4363 0.1745 0.0000
0.5236 0.1745 0.0000
0.6109 0.1745 0.0000
0.6981 0.1745 0.0000
0.7854 0.1745 0.0000
0.8727 0.1745 0.0000
0.9599 0.1745 0.0000
1.0472 0.1745 0.0000
1.1345 0.1745 0.0000
1.2217 0.1745 0.0000
0.0000 0.1745 0.0873
0.0873 0.1745 0.0873
0.1745 0.1745 0.0873
0.2618 0.1745 0.0873
0.3491 0.1745 0.0873
0.4363 0.1745 0.0873
0.5236 0.1745 0.0873
0.6109 0.1745 0.0873
0.6981 0.1745 0.0873
0.7854 0.1745 0.0873
0.8727 0.1745 0.0873
0.9599 0.1745 0.0873
1.0472 0.1745 0.0873
1.1345 0.1745 0.0873
1.2217 0.1745 0.0873
0.0000 0.1745 0.1745
0.0873 0.1745 0.1745
0.1745 0.1745 0.1745
0.2618 0.1745 0.1745
0.3491 0.1745 0.1745
0.4363 0.1745 0.1745
0.5236 0.1745 0.1745
0.6109 0.1745 0.1745
0.6981 0.1745 0.1745
0.7854 0.1745 0.1745
0.8727 0.1745 0.1745
0.9599 0.1745 0.1745
1.0472 0.1745 0.1745
1.1345 0.1745 0.1745
1.2217 0.1745 0.1745
0.0000 0.1745 0.2618
0.0873 0.1745 0.2618
0.1745 0.1745 0.2618
0.2618 0.1745 0.2618
0.3491 0.1745 0.2618
0.4363 0.1745 0.2618
0.5236 0.1745 0.2618
0.6109 0.1745 0.2618
0.6981 0.1745 0.2618
0.7854 0.1745 0.2618
0.8727 0.1745 0.2618
0.9599 0.1745 0.2618
1.0472 0.1745 0.2618
1.1345 0.1745 0.2618
1.2217 0.1745 0.2618
0.0000 0.1745 0.3491
0.0873 0.1745 0.3491
0.1745 0.1745 0.3491
0.2618 0.1745 0.3491
0.3491 0.1745 0.3491
0.4363 0.1745 0.3491
0.5236 0.1745 0.3491
0.6109 0.1745 0.3491
0.6981 0.1745 0.3491
0.7854 0.1745 0.3491
0.8727 0.1745 0.3491
0.9599 0.1745 0.3491
1.0472 0.1745 0.3491
1.1345 0.1745 0.3491
1.2217 0.1745 0.3491
0.0000 0.1745 0.4363
0.0873 0.1745 0.4363
0.1745 0.1745 0.4363
0.2618 0.1745 0.4363
0.3491 0.1745 0.4363
0.4363 0.1745 0.4363
0.5236 0.1745 0.4363
0.6109 0.1745 0.4363
0.6981 0.1745 0.4363
0.7854 0.1745 0.4363
0.8727 0.1745 0.4363
0.9599 0.1745 0.4363
1.0472 0.1745 0.4363
1.1345 0.1745 0.4363
1.2217 0.1745 0.4363
0.0000 0.2618 -0.4363
0.0873 0.2618 -0.4363
0.1745 0.2618 -0.4363
0.2618 0.2618 -0.4363
0.3491 0.2618 -0.4363
0.4363 0.2618 -0.4363
0.5236 0.2618 -0.4363
0.6109 0.2618 -0.4363
0.6981 0.2618 -0.4363
0.7854 0.2618 -0.4363
0.8727 0.2618 -0.4363
0.9599 0.2618 -0.4363
1.0472 0.2618 -0.4363
1.1345 0.2618 -0.4363
1.2217 0.2618 -0.4363
0.0000 0.2618 -0.3491
0.0873 0.2618 -0.3491
0.1745 0.2618 -0.3491
0.2618 0.2618 -0.3491
0.3491 0.2618 -0.3491
0.4363 0.2618 -0.3491
0.5236 0.2618 -0.3491
0.6109 0.2618 -0.3491
0.6981 0.2618 -0.3491
0.7854 0.2618 -0.3491
0.8727 0.2618 -0.3491
0.9599 0.2618 -0.3491
1.0472 0.2618 -0.3491
1.1345 0.2618 -0.3491
1.2217 0.2618 -0.3491
0.0000 0.2618 -0.2618
0.0873 0.2618 -0.2618
0.1745 0.2618 -0.2618
0.2618 0.2618 -0.2618
0.3491 0.2618 -0.2618
0.4363 0.2618 -0.2618
0.5236 0.2618 -0.2618
0.6109 0.2618 -0.2618
0.6981 0.2618 -0.2618
0.7854 0.2618 -0.2618
0.8727 0.2618 -0.2618
0.9599 0.2618 -0.2618
1.0472 0.2618 -0.2618
1.1345 0.2618 -0.2618
1.2217 0.2618 -0.2618
0.0000 0.2618 -0.1745
0.0873 0.2618 -0.1745
0.1745 0.2618 -0.1745
0.2618 0.2618 -0.1745
0.3491 0.2618 -0.1745
0.4363 0.2618 -0.1745
0.5236 0.2618 -0.1745
0.6109 0.2618 -0.1745
0.6981 0.2618 -0.1745
0.7854 0.2618 -0.1745
0.8727 0.2618 -0.1745
0.9599 0.2618 -0.1745
1.0472 0.2618 -0.1745
1.1345 0.2618 -0.1745
1.2217 0.2618 -0.1745
0.0000 0.2618 -0.0873
0.0873 0.2618 -0.0873
0.1745 0.2618 -0.0873
0.2618 0.2618 -0.0873
0.3491 0.2618 -0.0873
0.4363 0.2618 -0.0873
0.5236 0.2618 -0.0873
0.6109 0.2618 -0.0873
0.6981 0.2618 -0.0873
0.7854 0.2618 -0.0873
0.8727 0.2618 -0.0873
0.9599 0.2618 -0.0873
1.0472 0.2618 -0.0873
1.1345 0.2618 -0.0873
1.2217 0.2618 -0.0873
0.0000 0.2618 0.0000
0.0873 0.2618 0.0000
0.1745 0.2618 0.0000
0.2618 0.2618 0.0000
0.3491 0.2618 0.0000
0.4363 0.2618 0.0000
0.5236 0.2618 0.0000
0.6109 0.2618 0.0000
0.6981 0.2618 0.0000
0.7854 0.2618 0.0000
0.8727 0.2618 0.0000
0.9599 0.2618 0.0000
1.0472 0.2618 0.0000
1.1345 0.2618 0.0000
1.2217 0.2618 0.0000
0.0000 0.2618 0.0873
0.0873 0.2618 0.0873
0.1745 0.2618 0.0873
0.2618 0.2618 0.0873
0.3491 0.2618 0.0873
0.4363 0.2618 0.0873
0.5236 0.2618 0.0873
0.6109 0.2618 0.0873
0.6981 0.2618 0.0873
0.7854 0.2618 0.0873
0.8727 0.2618 0.0873
0.9599 0.2618 0.0873
1.0472 0.2618 0.0873
1.1345 0.2618 0.0873
1.2217 0.2618 0.0873
0.0000 0.2618 0.1745
0.0873 0.2618 0.1745
0.1745 0.2618 0.1745
0.2618 0.2618 0.1745
0.3491 0.2618 0.1745
0.4363 0.2618 0.1745
0.5236 0.2618 0.1745
0.6109 0.2618 0.1745
0.6981 0.2618 0.1745
0.7854 0.2618 0.1745
0.8727 0.2618 0.1745
0.9599 0.2618 0.1745
1.0472 0.2618 0.1745
1.1345 0.2618 0.1745
1.2217 0.2618 0.1745
0.0000 0.2618 0.2618
0.0873 0.2618 0.2618
0.1745 0.2618 0.2618
0.2618 0.2618 0.2618
0.3491 0.2618 0.2618
0.4363 0.2618 0.2618
0.5236 0.2618 0.2618
0.6109 0.2618 0.2618
0.6981 0.2618 0.2618
0.7854 0.2618 0.2618
0.8727 0.2618 0.2618
0.9599 0.2618 0.2618
1.0472 0.2618 0.2618
1.1345 0.2618 0.2618
1.2217 0.2618 0.2618
0.0000 0.2618 0.3491
0.0873 0.2618 0.3491
0.1745 0.2618 0.3491
0.2618 0.2618 0.3491
0.3491 0.2618 0.3491
0.4363 0.2618 0.3491
0.5236 0.2618 0.3491
0.6109 0.2618 0.3491
0.6981 0.2618 0.3491
0.7854 0.2618 0.3491
0.8727 0.2618 0.3491
0.9599 0.2618 0.3491
1.0472 0.2618 0.3491
1.1345 0.2618 0.3491
1.2217 0.2618 0.3491
0.0000 0.2618 0.4363
0.0873 0.2618 0.4363
0.1745 0.2618 0.4363
0.2618 0.2618 0.4363
0.3491 0.2618 0.4363
0.4363 0.2618 0.4363
0.5236 0.2618 0.4363
0.6109 0.2618 0.4363
0.6981 0.2618 0.4363
0.7854 0.2618 0.4363
0.8727 0.2618 0.4363
0.9599 0.2618 0.4363
1.0472 0.2618 0.4363
1.1345 0.2618 0.4363
1.2217 0.2618 0.4363
0.0000 0.3491 -0.4363
0.0873 0.3491 -0.4363
0.1745 0.3491 -0.4363
0.2618 0.3491 -0.4363
0.3491 0.3491 -0.4363
0.4363 0.3491 -0.4363
0.5236 0.3491 -0.4363
0.6109 0.3491 -0.4363
0.6981 0.3491 -0.4363
0.7854 0.3491 -0.4363
0.8727 0.3491 -0.4363
0.9599 0.3491 -0.4363
1.0472 0.3491 -0.4363
1.1345 0.3491 -0.4363
1.2217 0.3491 -0.4363
0.0000 0.3491 -0.3491
0.0873 0.3491 -0.3491
0.1745 0.3491 -0.3491
0.2618 0.3491 -0.3491
0.3491 0.3491 -0.3491
0.4363 0.3491 -0.3491
0.5236 0.3491 -0.3491
0.6109 0.3491 -0.3491
0.6981 0.3491 -0.3491
0.7854 0.3491 -0.3491
0.8727 0.3491 -0.3491
0.9599 0.3491 -0.3491
1.0472 0.3491 -0.3491
1.1345 0.3491 -0.3491
1.2217 0.3491 -0.3491
0.0000 0.3491 -0.2618
0.0873 0.3491 -0.2618
0.1745 0.3491 -0.2618
0.2618 0.3491 -0.2618
0.3491 0.3491 -0.2618
0.4363 0.3491 -0.2618
0.5236 0.3491 -0.2618
0.6109 0.3491 -0.2618
0.6981 0.3491 -0.2618
0.7854 0.3491 -0.2618
0.8727 0.3491 -0.2618
0.9599 0.3491 -0.2618
1.0472 0.3491 -0.2618
1.1345 0.3491 -0.2618
1.2217 0.3491 -0.2618
0.0000 0.3491 -0.1745
0.0873 0.3491 -0.1745
0.1745 0.3491 -0.1745
0.2618 0.3491 -0.1745
0.3491 0.3491 -0.1745
0.4363 0.3491 -0.1745
0.5236 0.3491 -0.1745
0.6109 0.3491 -0.1745
0.6981 0.3491 -0.1745
0.7854 0.3491 -0.1745
0.8727 0.3491 -0.1745
0.9599 0.3491 -0.1745
1.0472 0.3491 -0.1745
1.1345 0.3491 -0.1745
1.2217 0.3491 -0.1745
0.0000 0.3491 -0.0873
0.0873 0.3491 -0.0873
0.1745 0.3491 -0.0873
0.2618 0.3491 -0.0873
0.3491 0.3491 -0.0873
0.4363 0.3491 -0.0873
0.5236 0.3491 -0.0873
0.6109 0.3491 -0.0873
0.6981 0.3491 -0.0873
0.7854 0.3491 -0.0873
0.8727 0.3491 -0.0873
0.9599 0.3491 -0.0873
1.0472 0.3491 -0.0873
1.1345 0.3491 -0.0873
1.2217 0.3491 -0.0873
0.0000 0.3491 0.0000
0.0873 0.3491 0.0000
0.1745 0.3491 0.0000
0.2618 0.3491 0.0000
0.3491 0.3491 0.0000
0.4363 0.3491 0.0000
0.5236 0.3491 0.0000
0.6109 0.3491 0.0000
0.6981 0.3491 0.0000
0.7854 0.3491 0.0000
0.8727 0.3491 0.0000
0.9599 0.3491 0.0000
1.0472 0.3491 0.0000
1.1345 0.3491 0.0000
1.2217 0.3491 0.0000
0.0000 0.3491 0.0873
0.0873 0.3491 0.0873
0.1745 0.3491 0.0873
0.2618 0.3491 0.0873
0.3491 0.3491 0.0873
0.4363 0.3491 0.0873
0.5236 0.3491 0.0873
0.6109 0.3491 0.0873
0.6981 0.3491 0.0873
0.7854 0.3491 0.0873
0.8727 0.3491 0.0873
0.9599 0.3491 0.0873
1.0472 0.3491 0.0873
1.1345 0.3491 0.0873
1.2217 0.3491 0.0873
0.0000 0.3491 0.1745
0.0873 0.3491 0.1745
0.1745 0.3491 0.1745
0.2618 0.3491 0.1745
0.3491 0.3491 0.1745
0.4363 0.3491 0.1745
0.5236 0.3491 0.1745
0.6109 0.3491 0.1745
0.6981 0.3491 0.1745
0.7854 0.3491 0.1745
0.8727 0.3491 0.1745
0.9599 0.3491 0.1745
1.0472 0.3491 0.1745
1.1345 0.3491 0.1745
1.2217 0.3491 0.1745
0.0000 0.3491 0.2618
0.0873 0.3491 0.2618
0.1745 0.3491 0.2618
0.2618 0.3491 0.2618
0.3491 0.3491 0.2618
0.4363 0.3491 0.2618
0.5236 0.3491 0.2618
0.6109 0.3491 0.2618
0.6981 0.3491 0.2618
0.7854 0.3491 0.2618
0.8727 0.3491 0.2618
0.9599 0.3491 0.2618
1.0472 0.3491 0.2618
1.1345 0.3491 0.2618
1.2217 0.3491 0.2618
0.0000 0.3491 0.3491
0.0873 0.3491 0.3491
0.1745 0.3491 0.3491
0.2618 0.3491 0.3491
0.3491 0.3491 0.3491
0.4363 0.3491 0.3491
0.5236 0.3491 0.3491
0.6109 0.3491 0.3491
0.6981 0.3491 0.3491
0.7854 0.3491 0.3491
0.8727 0.3491 0.3491
0.9599 0.3491 0.3491
1.0472 0.3491 0.3491
1.1345 0.3491 0.3491
1.2217 0.3491 0.3491
0.0000 0.3491 0.4363
0.0873 0.3491 0.4363
0.1745 0.3491 0.4363
0.2618 0.3491 0.4363
0.3491 0.3491 0.4363
0.4363 0.3491 0.4363
0.5236 0.3491 0.4363
0.6109 0.3491 0.4363
0.6981 0.3491 0.4363
0.7854 0.3491 0.4363
0.8727 0.3491 0.4363
0.9599 0.3491 0.4363
1.0472 0.3491 0.4363
1.1345 0.3491 0.4363
1.2217 0.3491 0.4363
0.0000 0.4363 -0.4363
0.0873 0.4363 -0.4363
0.1745 0.4363 -0.4363
0.2618 0.4363 -0.4363
0.3491 0.4363 -0.4363
0.4363 0.4363 -0.4363
0.5236 0.4363 -0.4363
0.6109 0.4363 -0.4363
0.6981 0.4363 -0.4363
0.7854 0.4363 -0.4363
0.8727 0.4363 -0.4363
0.9599 0.4363 -0.4363
1.0472 0.4363 -0.4363
1.1345 0.4363 -0.4363
1.2217 0.4363 -0.4363
0.0000 0.4363 -0.3491
0.0873 0.4363 -0.3491
0.1745 0.4363 -0.3491
0.2618 0.4363 -0.3491
0.3491 0.4363 -0.3491
0.4363 0.4363 -0.3491
0.5236 0.4363 -0.3491
0.6109 0.4363 -0.3491
0.6981 0.4363 -0.3491
0.7854 0.4363 -0.3491
0.8727 0.4363 -0.3491
0.9599 0.4363 -0.3491
1.0472 0.4363 -0.3491
1.1345 0.4363 -0.3491
1.2217 0.4363 -0.3491
0.0000 0.4363 -0.2618
0.0873 0.4363 -0.2618
0.1745 0.4363 -0.2618
0.2618 0.4363 -0.2618
0.3491 0.4363 -0.2618
0.4363 0.4363 -0.2618
0.5236 0.4363 -0.2618
0.6109 0.4363 -0.2618
0.6981 0.4363 -0.2618
0.7854 0.4363 -0.2618
0.8727 0.4363 -0.2618
0.9599 0.4363 -0.2618
1.0472 0.4363 -0.2618
1.1345 0.4363 -0.2618
1.2217 0.4363 -0.2618
0.0000 0.4363 -0.1745
0.0873 0.4363 -0.1745
0.1745 0.4363 -0.1745
0.2618 0.4363 -0.1745
0.3491 0.4363 -0.1745
0.4363 0.4363 -0.1745
0.5236 0.4363 -0.1745
0.6109 0.4363 -0.1745
0.6981 0.4363 -0.1745
0.7854 0.4363 -0.1745
0.8727 0.4363 -0.1745
0.9599 0.4363 -0.1745
1.0472 0.4363 -0.1745
1.1345 0.4363 -0.1745
1.2217 0.4363 -0.1745
0.0000 0.4363 -0.0873
0.0873 0.4363 -0.0873
0.1745 0.4363 -0.0873
0.2618 0.4363 -0.0873
0.3491 0.4363 -0.0873
0.4363 0.4363 -0.0873
0.5236 0.4363 -0.0873
0.6109 0.4363 -0.0873
0.6981 0.4363 -0.0873
0.7854 0.4363 -0.0873
0.8727 0.4363 -0.0873
0.9599 0.4363 -0.0873
1.0472 0.4363 -0.0873
1.1345 0.4363 -0.0873
1.2217 0.4363 -0.0873
0.0000 0.4363 0.0000
0.0873 0.4363 0.0000
0.1745 0.4363 0.0000
0.2618 0.4363 0.0000
0.3491 0.4363 0.0000
0.4363 0.4363 0.0000
0.5236 0.4363 0.0000
0.6109 0.4363 0.0000
0.6981 0.4363 0.0000
0.7854 0.4363 0.0000
0.8727 0.4363 0.0000
0.9599 0.4363 0.0000
1.0472 0.4363 0.0000
1.1345 0.4363 0.0000
1.2217 0.4363 0.0000
0.0000 0.4363 0.0873
0.0873 0.4363 0.0873
0.1745 0.4363 0.0873
0.2618 0.4363 0.0873
0.3491 0.4363 0.0873
0.4363 0.4363 0.0873
0.5236 0.4363 0.0873
0.6109 0.4363 0.0873
0.6981 0.4363 0.0873
0.7854 0.4363 0.0873
0.8727 0.4363 0.0873
0.9599 0.4363 0.0873
1.0472 0.4363 0.0873
1.1345 0.4363 0.0873
1.2217 0.4363 0.0873
0.0000 0.4363 0.1745
0.0873 0.4363 0.1745
0.1745 0.4363 0.1745
0.2618 0.4363 0.1745
0.3491 0.4363 0.1745
0.4363 0.4363 0.1745
0.5236 0.4363 0.1745
0.6109 0.4363 0.1745
0.6981 0.4363 0.1745
0.7854 0.4363 0.1745
0.8727 0.4363 0.1745
0.9599 0.4363 0.1745
1.0472 0.4363 0.1745
1.1345 0.4363 0.1745
1.2217 0.4363 0.1745
0.0000 0.4363 0.2618
0.0873 0.4363 0.2618
0.1745 0.4363 0.2618
0.2618 0.4363 0.2618
0.3491 0.4363 0.2618
0.4363 0.4363 0.2618
0.5236 0.4363 0.2618
0.6109 0.4363 0.2618
0.6981 0.4363 0.2618
0.7854 0.4363 0.2618
0.8727 0.4363 0.2618
0.9599 0.4363 0.2618
1.0472 0.4363 0.2618
1.1345 0.4363 0.2618
1.2217 0.4363 0.2618
0.0000 0.4363 0.3491
0.0873 0.4363 0.3491
0.1745 0.4363 0.3491
0.2618 0.4363 0.3491
0.3491 0.4363 0.3491
0.4363 0.4363 0.3491
0.5236 0.4363 0.3491
0.6109 0.4363 0.3491
0.6981 0.4363 0.3491
0.7854 0.4363 0.3491
0.8727 0.4363 0.3491
0.9599 0.4363 0.3491
1.0472 0.4363 0.3491
1.1345 0.4363 0.3491
1.2217 0.4363 0.3491
0.0000 0.4363 0.4363
0.0873 0.4363 0.4363
0.1745 0.4363 0.4363
0.2618 0.4363 0.4363
0.3491 0.4363 0.4363
0.4363 0.4363 0.4363
0.5236 0.4363 0.4363
0.6109 0.4363 0.4363
0.6981 0.4363 0.4363
0.7854 0.4363 0.4363
0.8727 0.4363 0.4363
0.9599 0.4363 0.4363
1.0472 0.4363 0.4363
1.1345 0.4363 0.4363
1.2217 0.4363 0.4363
0.0000 0.5236 -0.4363
0.0873 0.5236 -0.4363
0.1745 0.5236 -0.4363
0.2618 0.5236 -0.4363
0.3491 0.5236 -0.4363
0.4363 0.5236 -0.4363
0.5236 0.5236 -0.4363
0.6109 0.5236 -0.4363
0.6981 0.5236 -0.4363
0.7854 0.5236 -0.4363
0.8727 0.5236 -0.4363
0.9599 0.5236 -0.4363
1.0472 0.5236 -0.4363
1.1345 0.5236 -0.4363
1.2217 0.5236 -0.4363
0.0000 0.5236 -0.3491
0.0873 0.5236 -0.3491
0.1745 0.5236 -0.3491
0.2618 0.5236 -0.3491
0.3491 0.5236 -0.3491
0.4363 0.5236 -0.3491
0.5236 0.5236 -0.3491
0.6109 0.5236 -0.3491
0.6981 0.5236 -0.3491
0.7854 0.5236 -0.3491
0.8727 0.5236 -0.3491
0.9599 0.5236 -0.3491
1.0472 0.5236 -0.3491
1.1345 0.5236 -0.3491
1.2217 0.5236 -0.3491
0.0000 0.5236 -0.2618
0.0873 0.5236 -0.2618
0.1745 0.5236 -0.2618
0.2618 0.5236 -0.2618
0.3491 0.5236 -0.2618
0.4363 0.5236 -0.2618
0.5236 0.5236 -0.2618
0.6109 0.5236 -0.2618
0.6981 0.5236 -0.2618
0.7854 0.5236 -0.2618
0.8727 0.5236 -0.2618
0.9599 0.5236 -0.2618
1.0472 0.5236 -0.2618
1.1345 0.5236 -0.2618
1.2217 0.5236 -0.2618
0.0000 0.5236 -0.1745
0.0873 0.5236 -0.1745
0.1745 0.5236 -0.1745
0.2618 0.5236 -0.1745
0.3491 0.5236 -0.1745
0.4363 0.5236 -0.1745
0.5236 0.5236 -0.1745
0.6109 0.5236 -0.1745
0.6981 0.5236 -0.1745
0.7854 0.5236 -0.1745
0.8727 0.5236 -0.1745
0.9599 0.5236 -0.1745
1.0472 0.5236 -0.1745
1.1345 0.5236 -0.1745
1.2217 0.5236 -0.1745
0.0000 0.5236 -0.0873
0.0873 0.5236 -0.0873
0.1745 0.5236 -0.0873
0.2618 0.5236 -0.0873
0.3491 0.5236 -0.0873
0.4363 0.5236 -0.0873
0.5236 0.5236 -0.0873
0.6109 0.5236 -0.0873
0.6981 0.5236 -0.0873
0.7854 0.5236 -0.0873
0.8727 0.5236 -0.0873
0.9599 0.5236 -0.0873
1.0472 0.5236 -0.0873
1.1345 0.5236 -0.0873
1.2217 0.5236 -0.0873
0.0000 0.5236 0.0000
0.0873 0.5236 0.0000
0.1745 0.5236 0.0000
0.2618 0.5236 0.0000
0.3491 0.5236 0.0000
0.4363 0.5236 0.0000
0.5236 0.5236 0.0000
0.6109 0.5236 0.0000
0.6981 0.5236 0.0000
0.7854 0.5236 0.0000
0.8727 0.5236 0.0000
0.9599 0.5236 0.0000
1.0472 0.5236 0.0000
1.1345 0.5236 0.0000
1.2217 0.5236 0.0000
0.0000 0.5236 0.0873
0.0873 0.5236 0.0873
0.1745 0.5236 0.0873
0.2618 0.5236 0.0873
0.3491 0.5236 0.0873
0.4363 0.5236 0.0873
0.5236 0.5236 0.0873
0.6109 0.5236 0.0873
0.6981 0.5236 0.0873
0.7854 0.5236 0.0873
0.8727 0.5236 0.0873
0.9599 0.5236 0.0873
1.0472 0.5236 0.0873
1.1345 0.5236 0.0873
1.2217 0.5236 0.0873
0.0000 0.5236 0.1745
0.0873 0.5236 0.1745
0.1745 0.5236 0.1745
0.2618 0.5236 0.1745
0.3491 0.5236 0.1745
0.4363 0.5236 0.1745
0.5236 0.5236 0.1745
0.6109 0.5236 0.1745
0.6981 0.5236 0.1745
0.7854 0.5236 0.1745
0.8727 0.5236 0.1745
0.9599 0.5236 0.1745
1.0472 0.5236 0.1745
1.1345 0.5236 0.1745
1.2217 0.5236 0.1745
0.0000 0.5236 0.2618
0.0873 0.5236 0.2618
0.1745 0.5236 0.2618
0.2618 0.5236 0.2618
0.3491 0.5236 0.2618
0.4363 0.5236 0.2618
0.5236 0.5236 0.2618
0.6109 0.5236 0.2618
0.6981 0.5236 0.2618
0.7854 0.5236 0.2618
0.8727 0.5236 0.2618
0.9599 0.5236 0.2618
1.0472 0.5236 0.2618
1.1345 0.5236 0.2618
1.2217 0.5236 0.2618
0.0000 0.5236 0.3491
0.0873 0.5236 0.3491
0.1745 0.5236 0.3491
0.2618 0.5236 0.3491
0.3491 0.5236 0.3491
0.4363 0.5236 0.3491
0.5236 0.5236 0.3491
0.6109 0.5236 0.3491
0.6981 0.5236 0.3491
0.7854 0.5236 0.3491
0.8727 0.5236 0.3491
0.9599 0.5236 0.3491
1.0472 0.5236 0.3491
1.1345 0.5236 0.3491
1.2217 0.5236 0.3491
0.0000 0.5236 0.4363
0.0873 0.5236 0.4363
0.1745 0.5236 0.4363
0.2618 0.5236 0.4363
0.3491 0.5236 0.4363
0.4363 0.5236 0.4363
0.5236 0.5236 0.4363
0.6109 0.5236 0.4363
0.6981 0.5236 0.4363
0.7854 0.5236 0.4363
0.8727 0.5236 0.4363
0.9599 0.5236 0.4363
1.0472 0.5236 0.4363
1.1345 0.5236 0.4363
1.2217 0.5236 0.4363
0.0000 0.6109 -0.4363
0.0873 0.6109 -0.4363
0.1745 0.6109 -0.4363
0.2618 0.6109 -0.4363
0.3491 0.6109 -0.4363
0.4363 0.6109 -0.4363
0.5236 0.6109 -0.4363
0.6109 0.6109 -0.4363
0.6981 0.6109 -0.4363
0.7854 0.6109 -0.4363
0.8727 0.6109 -0.4363
0.9599 0.6109 -0.4363
1.0472 0.6109 -0.4363
1.1345 0.6109 -0.4363
1.2217 0.6109 -0.4363
0.0000 0.6109 -0.3491
0.0873 0.6109 -0.3491
0.1745 0.6109 -0.3491
0.2618 0.6109 -0.3491
0.3491 0.6109 -0.3491
0.4363 0.6109 -0.3491
0.5236 0.6109 -0.3491
0.6109 0.6109 -0.3491
0.6981 0.6109 -0.3491
0.7854 0.6109 -0.3491
0.8727 0.6109 -0.3491
0.9599 0.6109 -0.3491
1.0472 0.6109 -0.3491
1.1345 0.6109 -0.3491
1.2217 0.6109 -0.3491
0.0000 0.6109 -0.2618
0.0873 0.6109 -0.2618
0.1745 0.6109 -0.2618
0.2618 0.6109 -0.2618
0.3491 0.6109 -0.2618
0.4363 0.6109 -0.2618
0.5236 0.6109 -0.2618
0.6109 0.6109 -0.2618
0.6981 0.6109 -0.2618
0.7854 0.6109 -0.2618
0.8727 0.6109 -0.2618
0.9599 0.6109 -0.2618
1.0472 0.6109 -0.2618
1.1345 0.6109 -0.2618
1.2217 0.6109 -0.2618
0.0000 0.6109 -0.1745
0.0873 0.6109 -0.1745
0.1745 0.6109 -0.1745
0.2618 0.6109 -0.1745
0.3491 0.6109 -0.1745
0.4363 0.6109 -0.1745
0.5236 0.6109 -0.1745
0.6109 0.6109 -0.1745
0.6981 0.6109 -0.1745
0.7854 0.6109 -0.1745
0.8727 0.6109 -0.1745
0.9599 0.6109 -0.1745
1.0472 0.6109 -0.1745
1.1345 0.6109 -0.1745
1.2217 0.6109 -0.1745
0.0000 0.6109 -0.0873
0.0873 0.6109 -0.0873
0.1745 0.6109 -0.0873
0.2618 0.6109 -0.0873
0.3491 0.6109 -0.0873
0.4363 0.6109 -0.0873
0.5236 0.6109 -0.0873
0.6109 0.6109 -0.0873
0.6981 0.6109 -0.0873
0.7854 0.6109 -0.0873
0.8727 0.6109 -0.0873
0.9599 0.6109 -0.0873
1.0472 0.6109 -0.0873
1.1345 0.6109 -0.0873
1.2217 0.6109 -0.0873
0.0000 0.6109 0.0000
0.0873 0.6109 0.0000
0.1745 0.6109 0.0000
0.2618 0.6109 0.0000
0.3491 0.6109 0.0000
0.4363 0.6109 0.0000
0.5236 0.6109 0.0000
0.6109 0.6109 0.0000
0.6981 0.6109 0.0000
0.7854 0.6109 0.0000
0.8727 0.6109 0.0000
0.9599 0.6109 0.0000
1.0472 0.6109 0.0000
1.1345 0.6109 0.0000
1.2217 0.6109 0.0000
0.0000 0.6109 0.0873
0.0873 0.6109 0.0873
0.1745 0.6109 0.0873
0.2618 0.6109 0.0873
0.3491 0.6109 0.0873
0.4363 0.6109 0.0873
0.5236 0.6109 0.0873
0.6109 0.6109 0.0873
0.6981 0.6109 0.0873
0.7854 0.6109 0.0873
0.8727 0.6109 0.0873
0.9599 0.6109 0.0873
1.0472 0.6109 0.0873
1.1345 0.6109 0.0873
1.2217 0.6109 0.0873
0.0000 0.6109 0.1745
0.0873 0.6109 0.1745
0.1745 0.6109 0.1745
0.2618 0.6109 0.1745
0.3491 0.6109 0.1745
0.4363 0.6109 0.1745
0.5236 0.6109 0.1745
0.6109 0.6109 0.1745
0.6981 0.6109 0.1745
0.7854 0.6109 0.1745
0.8727 0.6109 0.1745
0.9599 0.6109 0.1745
1.0472 0.6109 0.1745
1.1345 0.6109 0.1745
1.2217 0.6109 0.1745
0.0000 0.6109 0.2618
0.0873 0.6109 0.2618
0.1745 0.6109 0.2618
0.2618 0.6109 0.2618
0.3491 0.6109 0.2618
0.4363 0.6109 0.2618
0.5236 0.6109 0.2618
0.6109 0.6109 0.2618
0.6981 0.6109 0.2618
0.7854 0.6109 0.2618
0.8727 0.6109 0.2618
0.9599 0.6109 0.2618
1.0472 0.6109 0.2618
1.1345 0.6109 0.2618
1.2217 0.6109 0.2618
0.0000 0.6109 0.3491
0.0873 0.6109 0.3491
0.1745 0.6109 0.3491
0.2618 0.6109 0.3491
0.3491 0.6109 0.3491
0.4363 0.6109 0.3491
0.5236 0.6109 0.3491
0.6109 0.6109 0.3491
0.6981 0.6109 0.3491
0.7854 0.6109 0.3491
0.8727 0.6109 0.3491
0.9599 0.6109 0.3491
1.0472 0.6109 0.3491
1.1345 0.6109 0.3491
1.2217 0.6109 0.3491
0.0000 0.6109 0.4363
0.0873 0.6109 0.4363
0.1745 0.6109 0.4363
0.2618 0.6109 0.4363
0.3491 0.6109 0.4363
0.4363 0.6109 0.4363
0.5236 0.6109 0.4363
0.6109 0.6109 0.4363
0.6981 0.6109 0.4363
0.7854 0.6109 0.4363
0.8727 0.6109 0.4363
0.9599 0.6109 0.4363
1.0472 0.6109 0.4363
1.1345 0.6109 0.4363
1.2217 0.6109 0.4363
0.0000 0.6981 -0.4363
0.0873 0.6981 -0.4363
0.1745 0.6981 -0.4363
0.2618 0.6981 -0.4363
0.3491 0.6981 -0.4363
0.4363 0.6981 -0.4363
0.5236 0.6981 -0.4363
0.6109 0.6981 -0.4363
0.6981 0.6981 -0.4363
0.7854 0.6981 -0.4363
0.8727 0.6981 -0.4363
0.9599 0.6981 -0.4363
1.0472 0.6981 -0.4363
1.1345 0.6981 -0.4363
1.2217 0.6981 -0.4363
0.0000 0.6981 -0.3491
0.0873 0.6981 -0.3491
0.1745 0.6981 -0.3491
0.2618 0.6981 -0.3491
0.3491 0.6981 -0.3491
0.4363 0.6981 -0.3491
0.5236 0.6981 -0.3491
0.6109 0.6981 -0.3491
0.6981 0.6981 -0.3491
0.7854 0.6981 -0.3491
0.8727 0.6981 -0.3491
0.9599 0.6981 -0.3491
1.0472 0.6981 -0.3491
1.1345 0.6981 -0.3491
1.2217 0.6981 -0.3491
0.0000 0.6981 -0.2618
0.0873 0.6981 -0.2618
0.1745 0.6981 -0.2618
0.2618 0.6981 -0.2618
0.3491 0.6981 -0.2618
0.4363 0.6981 -0.2618
0.5236 0.6981 -0.2618
0.6109 0.6981 -0.2618
0.6981 0.6981 -0.2618
0.7854 0.6981 -0.2618
0.8727 0.6981 -0.2618
0.9599 0.6981 -0.2618
1.0472 0.6981 -0.2618
1.1345 0.6981 -0.2618
1.2217 0.6981 -0.2618
0.0000 0.6981 -0.1745
0.0873 0.6981 -0.1745
0.1745 0.6981 -0.1745
0.2618 0.6981 -0.1745
0.3491 0.6981 -0.1745
0.4363 0.6981 -0.1745
0.5236 0.6981 -0.1745
0.6109 0.6981 -0.1745
0.6981 0.6981 -0.1745
0.7854 0.6981 -0.1745
0.8727 0.6981 -0.1745
0.9599 0.6981 -0.1745
1.0472 0.6981 -0.1745
1.1345 0.6981 -0.1745
1.2217 0.6981 -0.1745
0.0000 0.6981 -0.0873
0.0873 0.6981 -0.0873
0.1745 0.6981 -0.0873
0.2618 0.6981 -0.0873
0.3491 0.6981 -0.0873
0.4363 0.6981 -0.0873
0.5236 0.6981 -0.0873
0.6109 0.6981 -0.0873
0.6981 0.6981 -0.0873
0.7854 0.6981 -0.0873
0.8727 0.6981 -0.0873
0.9599 0.6981 -0.0873
1.0472 0.6981 -0.0873
1.1345 0.6981 -0.0873
1.2217 0.6981 -0.0873
0.0000 0.6981 0.0000
0.0873 0.6981 0.0000
0.1745 0.6981 0.0000
0.2618 0.6981 0.0000
0.3491 0.6981 0.0000
0.4363 0.6981 0.0000
0.5236 0.6981 0.0000
0.6109 0.6981 0.0000
0.6981 0.6981 0.0000
0.7854 0.6981 0.0000
0.8727 0.6981 0.0000
0.9599 0.6981 0.0000
1.0472 0.6981 0.0000
1.1345 0.6981 0.0000
1.2217 0.6981 0.0000
0.0000 0.6981 0.0873
0.0873 0.6981 0.0873
0.1745 0.6981 0.0873
0.2618 0.6981 0.0873
0.3491 0.6981 0.0873
0.4363 0.6981 0.0873
0.5236 0.6981 0.0873
0.6109 0.6981 0.0873
0.6981 0.6981 0.0873
0.7854 0.6981 0.0873
0.8727 0.6981 0.0873
0.9599 0.6981 0.0873
1.0472 0.6981 0.0873
1.1345 0.6981 0.0873
1.2217 0.6981 0.0873
0.0000 0.6981 0.1745
0.0873 0.6981 0.1745
0.1745 0.6981 0.1745
0.2618 0.6981 0.1745
0.3491 0.6981 0.1745
0.4363 0.6981 0.1745
0.5236 0.6981 0.1745
0.6109 0.6981 0.1745
0.6981 0.6981 0.1745
0.7854 0.6981 0.1745
0.8727 0.6981 0.1745
0.9599 0.6981 0.1745
1.0472 0.6981 0.1745
1.1345 0.6981 0.1745
1.2217 0.6981 0.1745
0.0000 0.6981 0.2618
0.0873 0.6981 0.2618
0.1745 0.6981 0.2618
0.2618 0.6981 0.2618
0.3491 0.6981 0.2618
0.4363 0.6981 0.2618
0.5236 0.6981 0.2618
0.6109 0.6981 0.2618
0.6981 0.6981 0.2618
0.7854 0.6981 0.2618
0.8727 0.6981 0.2618
0.9599 0.6981 0.2618
1.0472 0.6981 0.2618
1.1345 0.6981 0.2618
1.2217 0.6981 0.2618
0.0000 0.6981 0.3491
0.0873 0.6981 0.3491
0.1745 0.6981 0.3491
0.2618 0.6981 0.3491
0.3491 0.6981 0.3491
0.4363 0.6981 0.3491
0.5236 0.6981 0.3491
0.6109 0.6981 0.3491
0.6981 0.6981 0.3491
0.7854 0.6981 0.3491
0.8727 0.6981 0.3491
0.9599 0.6981 0.3491
1.0472 0.6981 0.3491
1.1345 0.6981 0.3491
1.2217 0.6981 0.3491
0.0000 0.6981 0.4363
0.0873 0.6981 0.4363
0.1745 0.6981 0.4363
0.2618 0.6981 0.4363
0.3491 0.6981 0.4363
0.4363 0.6981 0.4363
0.5236 0.6981 0.4363
0.6109 0.6981 0.4363
0.6981 0.6981 0.4363
0.7854 0.6981 0.4363
0.8727 0.6981 0.4363
0.9599 0.6981 0.4363
1.0472 0.6981 0.4363
1.1345 0.6981 0.4363
1.2217 0.6981 0.4363
0.0000 0.7854 -0.4363
0.0873 0.7854 -0.4363
0.1745 0.7854 -0.4363
0.2618 0.7854 -0.4363
0.3491 0.7854 -0.4363
0.4363 0.7854 -0.4363
0.5236 0.7854 -0.4363
0.6109 0.7854 -0.4363
0.6981 0.7854 -0.4363
0.7854 0.7854 -0.4363
0.8727 0.7854 -0.4363
0.9599 0.7854 -0.4363
1.0472 0.7854 -0.4363
1.1345 0.7854 -0.4363
1.2217 0.7854 -0.4363
0.0000 0.7854 -0.3491
0.0873 0.7854 -0.3491
0.1745 0.7854 -0.3491
0.2618 0.7854 -0.3491
0.3491 0.7854 -0.3491
0.4363 0.7854 -0.3491
0.5236 0.7854 -0.3491
0.6109 0.7854 -0.3491
0.6981 0.7854 -0.3491
0.7854 0.7854 -0.3491
0.8727 0.7854 -0.3491
0.9599 0.7854 -0.3491
1.0472 0.7854 -0.3491
1.1345 0.7854 -0.3491
1.2217 0.7854 -0.3491
0.0000 0.7854 -0.2618
0.0873 0.7854 -0.2618
0.1745 0.7854 -0.2618
0.2618 0.7854 -0.2618
0.3491 0.7854 -0.2618
0.4363 0.7854 -0.2618
0.5236 0.7854 -0.2618
0.6109 0.7854 -0.2618
0.6981 0.7854 -0.2618
0.7854 0.7854 -0.2618
0.8727 0.7854 -0.2618
0.9599 0.7854 -0.2618
1.0472 0.7854 -0.2618
1.1345 0.7854 -0.2618
1.2217 0.7854 -0.2618
0.0000 0.7854 -0.1745
0.0873 0.7854 -0.1745
0.1745 0.7854 -0.1745
0.2618 0.7854 -0.1745
0.3491 0.7854 -0.1745
0.4363 0.7854 -0.1745
0.5236 0.7854 -0.1745
0.6109 0.7854 -0.1745
0.6981 0.7854 -0.1745
0.7854 0.7854 -0.1745
0.8727 0.7854 -0.1745
0.9599 0.7854 -0.1745
1.0472 0.7854 -0.1745
1.1345 0.7854 -0.1745
1.2217 0.7854 -0.1745
0.0000 0.7854 -0.0873
0.0873 0.7854 -0.0873
0.1745 0.7854 -0.0873
0.2618 0.7854 -0.0873
0.3491 0.7854 -0.0873
0.4363 0.7854 -0.0873
0.5236 0.7854 -0.0873
0.6109 0.7854 -0.0873
0.6981 0.7854 -0.0873
0.7854 0.7854 -0.0873
0.8727 0.7854 -0.0873
0.9599 0.7854 -0.0873
1.0472 0.7854 -0.0873
1.1345 0.7854 -0.0873
1.2217 0.7854 -0.0873
0.0000 0.7854 0.0000
0.0873 0.7854 0.0000
0.1745 0.7854 0.0000
0.2618 0.7854 0.0000
0.3491 0.7854 0.0000
0.4363 0.7854 0.0000
0.5236 0.7854 0.0000
0.6109 0.7854 0.0000
0.6981 0.7854 0.0000
0.7854 0.7854 0.0000
0.8727 0.7854 0.0000
0.9599 0.7854 0.0000
1.0472 0.7854 0.0000
1.1345 0.7854 0.0000
1.2217 0.7854 0.0000
0.0000 0.7854 0.0873
0.0873 0.7854 0.0873
0.1745 0.7854 0.0873
0.2618 0.7854 0.0873
0.3491 0.7854 0.0873
0.4363 0.7854 0.0873
0.5236 0.7854 0.0873
0.6109 0.7854 0.0873
0.6981 0.7854 0.0873
0.7854 0.7854 0.0873
0.8727 0.7854 0.0873
0.9599 0.7854 0.0873
1.0472 0.7854 0.0873
1.1345 0.7854 0.0873
1.2217 0.7854 0.0873
0.0000 0.7854 0.1745
0.0873 0.7854 0.1745
0.1745 0.7854 0.1745
0.2618 0.7854 0.1745
0.3491 0.7854 0.1745
0.4363 0.7854 0.1745
0.5236 0.7854 0.1745
0.6109 0.7854 0.1745
0.6981 0.7854 0.1745
0.7854 0.7854 0.1745
0.8727 0.7854 0.1745
0.9599 0.7854 0.1745
1.0472 0.7854 0.1745
1.1345 0.7854 0.1745
1.2217 0.7854 0.1745
0.0000 0.7854 0.2618
0.0873 0.7854 0.2618
0.1745 0.7854 0.2618
0.2618 0.7854 0.2618
0.3491 0.7854 0.2618
0.4363 0.7854 0.2618
0.5236 0.7854 0.2618
0.6109 0.7854 0.2618
0.6981 0.7854 0.2618
0.7854 0.7854 0.2618
0.8727 0.7854 0.2618
0.9599 0.7854 0.2618
1.0472 0.7854 0.2618
1.1345 0.7854 0.2618
1.2217 0.7854 0.2618
0.0000 0.7854 0.3491
0.0873 0.7854 0.3491
0.1745 0.7854 0.3491
0.2618 0.7854 0.3491
0.3491 0.7854 0.3491
0.4363 0.7854 0.3491
0.5236 0.7854 0.3491
0.6109 0.7854 0.3491
0.6981 0.7854 0.3491
0.7854 0.7854 0.3491
0.8727 0.7854 0.3491
0.9599 0.7854 0.3491
1.0472 0.7854 0.3491
1.1345 0.7854 0.3491
1.2217 0.7854 0.3491
0.0000 0.7854 0.4363
0.0873 0.7854 0.4363
0.1745 0.7854 0.4363
0.2618 0.7854 0.4363
0.3491 0.7854 0.4363
0.4363 0.7854 0.4363
0.5236 0.7854 0.4363
0.6109 0.7854 0.4363
0.6981 0.7854 0.4363
0.7854 0.7854 0.4363
0.8727 0.7854 0.4363
0.9599 0.7854 0.4363
1.0472 0.7854 0.4363
1.1345 0.7854 0.4363
1.2217 0.7854 0.4363
